/*--------------------------------*- C++ -*----------------------------------*\
| =========                 |                                                 |
| \\      /  F ield         | OpenFOAM: The Open Source CFD Toolbox           |
|  \\    /   O peration     | Version:  2506                                  |
|   \\  /    A nd           | Website:  www.openfoam.com                      |
|    \\/     M anipulation  |                                                 |
\*---------------------------------------------------------------------------*/
FoamFile
{
    version     2.0;
    format      ascii;
    arch        "LSB;label=32;scalar=64";
    class       regIOobject;
    location    "constant/polyMesh";
    object      faceZones;
    meta
    {
        names           1 ( interface_rotated );
    }
}
// * * * * * * * * * * * * * * * * * * * * * * * * * * * * * * * * * * * * * //

1
(interface_rotated
{
    type            faceZone;
    faceLabels      List<label> 
432
(
101234
101236
101238
101240
101242
101244
101246
101248
101250
101252
101254
101256
101258
101260
101262
101264
101266
101268
101270
101272
101274
101276
101278
101280
101282
101284
101286
101288
101290
101292
101294
101296
101298
101300
101302
101303
96159
96162
96165
96168
96171
96174
96177
96180
96183
96186
96189
96192
96195
96198
96201
96204
96207
96210
96213
96216
96219
96222
96225
96228
96231
96234
96237
96240
96243
96246
96249
96252
96255
96258
96261
96263
88599
88602
88605
88608
88611
88614
88617
88620
88623
88626
88629
88632
88635
88638
88641
88644
88647
88650
88653
88656
88659
88662
88665
88668
88671
88674
88677
88680
88683
88686
88689
88692
88695
88698
88701
88703
81039
81042
81045
81048
81051
81054
81057
81060
81063
81066
81069
81072
81075
81078
81081
81084
81087
81090
81093
81096
81099
81102
81105
81108
81111
81114
81117
81120
81123
81126
81129
81132
81135
81138
81141
81143
73479
73482
73485
73488
73491
73494
73497
73500
73503
73506
73509
73512
73515
73518
73521
73524
73527
73530
73533
73536
73539
73542
73545
73548
73551
73554
73557
73560
73563
73566
73569
73572
73575
73578
73581
73583
65919
65922
65925
65928
65931
65934
65937
65940
65943
65946
65949
65952
65955
65958
65961
65964
65967
65970
65973
65976
65979
65982
65985
65988
65991
65994
65997
66000
66003
66006
66009
66012
66015
66018
66021
66023
58359
58362
58365
58368
58371
58374
58377
58380
58383
58386
58389
58392
58395
58398
58401
58404
58407
58410
58413
58416
58419
58422
58425
58428
58431
58434
58437
58440
58443
58446
58449
58452
58455
58458
58461
58463
50799
50802
50805
50808
50811
50814
50817
50820
50823
50826
50829
50832
50835
50838
50841
50844
50847
50850
50853
50856
50859
50862
50865
50868
50871
50874
50877
50880
50883
50886
50889
50892
50895
50898
50901
50903
43239
43242
43245
43248
43251
43254
43257
43260
43263
43266
43269
43272
43275
43278
43281
43284
43287
43290
43293
43296
43299
43302
43305
43308
43311
43314
43317
43320
43323
43326
43329
43332
43335
43338
43341
43343
35679
35682
35685
35688
35691
35694
35697
35700
35703
35706
35709
35712
35715
35718
35721
35724
35727
35730
35733
35736
35739
35742
35745
35748
35751
35754
35757
35760
35763
35766
35769
35772
35775
35778
35781
35783
28119
28122
28125
28128
28131
28134
28137
28140
28143
28146
28149
28152
28155
28158
28161
28164
28167
28170
28173
28176
28179
28182
28185
28188
28191
28194
28197
28200
28203
28206
28209
28212
28215
28218
28221
28223
20559
20562
20565
20568
20571
20574
20577
20580
20583
20586
20589
20592
20595
20598
20601
20604
20607
20610
20613
20616
20619
20622
20625
20628
20631
20634
20637
20640
20643
20646
20649
20652
20655
20658
20661
20663
)
;
    flipMap         List<bool> 432{0};
}
)

// ************************************************************************* //
