/*--------------------------------*- C++ -*----------------------------------*\
| =========                 |                                                 |
| \\      /  F ield         | OpenFOAM: The Open Source CFD Toolbox           |
|  \\    /   O peration     | Version:  2506                                  |
|   \\  /    A nd           | Website:  www.openfoam.com                      |
|    \\/     M anipulation  |                                                 |
\*---------------------------------------------------------------------------*/
FoamFile
{
    version     2.0;
    format      ascii;
    arch        "LSB;label=32;scalar=64";
    class       vectorField;
    location    "constant/cap_rotated/polyMesh";
    object      points;
}
// * * * * * * * * * * * * * * * * * * * * * * * * * * * * * * * * * * * * * //


2345
(
(0.01031368 0 0.07002)
(-4.8617307e-66 0 0.07002)
(0 0 0.0653413)
(0.01031368 0 0.0653413)
(0.010545 0 0.07002)
(0.010545 0 0.0653413)
(-3.646298e-66 0 0.068850325)
(-2.4308653e-66 0 0.06768065)
(-1.2154327e-66 0 0.066510975)
(0.01031368 0 0.068850325)
(0.01031368 0 0.06768065)
(0.01031368 0 0.066510975)
(0.010545 0 0.066510975)
(0.010545 0 0.06768065)
(0.010545 0 0.068850325)
(0.010101691 0 0.07002)
(0.0098403418 0 0.07002)
(0.0095181379 0 0.07002)
(0.0091209098 0 0.07002)
(0.0086311885 0 0.07002)
(0.0080274371 0 0.07002)
(0.0072831042 0 0.07002)
(0.0063654559 0 0.07002)
(0.0052341361 0 0.07002)
(0.0038393922 0 0.07002)
(0.0021198867 0 0.07002)
(0.010101691 0 0.0653413)
(0.0098403418 0 0.0653413)
(0.0095181379 0 0.0653413)
(0.0091209098 0 0.0653413)
(0.0086311885 0 0.0653413)
(0.0080274371 0 0.0653413)
(0.0072831042 0 0.0653413)
(0.0063654559 0 0.0653413)
(0.0052341361 0 0.0653413)
(0.0038393922 0 0.0653413)
(0.0021198867 0 0.0653413)
(0.010101691 0 0.068850325)
(0.010101691 0 0.06768065)
(0.010101691 0 0.066510975)
(0.0098403418 0 0.068850325)
(0.0098403418 0 0.06768065)
(0.0098403418 0 0.066510975)
(0.0095181379 0 0.068850325)
(0.0095181379 0 0.06768065)
(0.0095181379 0 0.066510975)
(0.0091209098 0 0.068850325)
(0.0091209098 0 0.06768065)
(0.0091209098 0 0.066510975)
(0.0086311885 0 0.068850325)
(0.0086311885 0 0.06768065)
(0.0086311885 0 0.066510975)
(0.0080274371 0 0.068850325)
(0.0080274371 0 0.06768065)
(0.0080274371 0 0.066510975)
(0.0072831042 0 0.068850325)
(0.0072831042 0 0.06768065)
(0.0072831042 0 0.066510975)
(0.0063654559 0 0.068850325)
(0.0063654559 0 0.06768065)
(0.0063654559 0 0.066510975)
(0.0052341361 0 0.068850325)
(0.0052341361 0 0.06768065)
(0.0052341361 0 0.066510975)
(0.0038393922 0 0.068850325)
(0.0038393922 0 0.06768065)
(0.0038393922 0 0.066510975)
(0.0021198867 0 0.068850325)
(0.0021198867 0 0.06768065)
(0.0021198867 0 0.066510975)
(0.010156992 0.0017909517 0.07002)
(0.009691689 0.0035274863 0.07002)
(0.0089319089 0.00515684 0.07002)
(0.0079007373 0.0066295057 0.07002)
(0.0066295057 0.0079007373 0.07002)
(0.00515684 0.0089319089 0.07002)
(0.0035274863 0.009691689 0.07002)
(0.0017909517 0.010156992 0.07002)
(1.7763568e-18 0.01031368 0.07002)
(-0.0017909517 0.010156992 0.07002)
(-0.0035274863 0.009691689 0.07002)
(-0.00515684 0.0089319089 0.07002)
(-0.0066295057 0.0079007373 0.07002)
(-0.0079007373 0.0066295057 0.07002)
(-0.0089319089 0.00515684 0.07002)
(-0.009691689 0.0035274863 0.07002)
(-0.010156992 0.0017909517 0.07002)
(-0.01031368 2.8865799e-18 0.07002)
(-0.010156992 -0.0017909517 0.07002)
(-0.009691689 -0.0035274863 0.07002)
(-0.0089319089 -0.00515684 0.07002)
(-0.0079007373 -0.0066295057 0.07002)
(-0.0066295057 -0.0079007373 0.07002)
(-0.00515684 -0.0089319089 0.07002)
(-0.0035274863 -0.009691689 0.07002)
(-0.0017909517 -0.010156992 0.07002)
(-5.1070259e-18 -0.01031368 0.07002)
(0.0017909517 -0.010156992 0.07002)
(0.0035274863 -0.009691689 0.07002)
(0.00515684 -0.0089319089 0.07002)
(0.0066295057 -0.0079007373 0.07002)
(0.0079007373 -0.0066295057 0.07002)
(0.0089319089 -0.00515684 0.07002)
(0.009691689 -0.0035274863 0.07002)
(0.010156992 -0.0017909517 0.07002)
(0.010156992 0.0017909517 0.068850325)
(0.009691689 0.0035274863 0.068850325)
(0.0089319089 0.00515684 0.068850325)
(0.0079007373 0.0066295057 0.068850325)
(0.0066295057 0.0079007373 0.068850325)
(0.00515684 0.0089319089 0.068850325)
(0.0035274863 0.009691689 0.068850325)
(0.0017909517 0.010156992 0.068850325)
(1.110223e-18 0.01031368 0.068850325)
(-0.0017909517 0.010156992 0.068850325)
(-0.0035274863 0.009691689 0.068850325)
(-0.00515684 0.0089319089 0.068850325)
(-0.0066295057 0.0079007373 0.068850325)
(-0.0079007373 0.0066295057 0.068850325)
(-0.0089319089 0.00515684 0.068850325)
(-0.009691689 0.0035274863 0.068850325)
(-0.010156992 0.0017909517 0.068850325)
(-0.01031368 1.3322676e-18 0.068850325)
(-0.010156992 -0.0017909517 0.068850325)
(-0.009691689 -0.0035274863 0.068850325)
(-0.0089319089 -0.00515684 0.068850325)
(-0.0079007373 -0.0066295057 0.068850325)
(-0.0066295057 -0.0079007373 0.068850325)
(-0.00515684 -0.0089319089 0.068850325)
(-0.0035274863 -0.009691689 0.068850325)
(-0.0017909517 -0.010156992 0.068850325)
(-1.7763568e-18 -0.01031368 0.068850325)
(0.0017909517 -0.010156992 0.068850325)
(0.0035274863 -0.009691689 0.068850325)
(0.00515684 -0.0089319089 0.068850325)
(0.0066295057 -0.0079007373 0.068850325)
(0.0079007373 -0.0066295057 0.068850325)
(0.0089319089 -0.00515684 0.068850325)
(0.009691689 -0.0035274863 0.068850325)
(0.010156992 -0.0017909517 0.068850325)
(0.010156992 0.0017909517 0.06768065)
(0.009691689 0.0035274863 0.06768065)
(0.0089319089 0.00515684 0.06768065)
(0.0079007373 0.0066295057 0.06768065)
(0.0066295057 0.0079007373 0.06768065)
(0.00515684 0.0089319089 0.06768065)
(0.0035274863 0.009691689 0.06768065)
(0.0017909517 0.010156992 0.06768065)
(1.110223e-18 0.01031368 0.06768065)
(-0.0017909517 0.010156992 0.06768065)
(-0.0035274863 0.009691689 0.06768065)
(-0.00515684 0.0089319089 0.06768065)
(-0.0066295057 0.0079007373 0.06768065)
(-0.0079007373 0.0066295057 0.06768065)
(-0.0089319089 0.00515684 0.06768065)
(-0.009691689 0.0035274863 0.06768065)
(-0.010156992 0.0017909517 0.06768065)
(-0.01031368 1.3322676e-18 0.06768065)
(-0.010156992 -0.0017909517 0.06768065)
(-0.009691689 -0.0035274863 0.06768065)
(-0.0089319089 -0.00515684 0.06768065)
(-0.0079007373 -0.0066295057 0.06768065)
(-0.0066295057 -0.0079007373 0.06768065)
(-0.00515684 -0.0089319089 0.06768065)
(-0.0035274863 -0.009691689 0.06768065)
(-0.0017909517 -0.010156992 0.06768065)
(-1.7763568e-18 -0.01031368 0.06768065)
(0.0017909517 -0.010156992 0.06768065)
(0.0035274863 -0.009691689 0.06768065)
(0.00515684 -0.0089319089 0.06768065)
(0.0066295057 -0.0079007373 0.06768065)
(0.0079007373 -0.0066295057 0.06768065)
(0.0089319089 -0.00515684 0.06768065)
(0.009691689 -0.0035274863 0.06768065)
(0.010156992 -0.0017909517 0.06768065)
(0.010156992 0.0017909517 0.066510975)
(0.009691689 0.0035274863 0.066510975)
(0.0089319089 0.00515684 0.066510975)
(0.0079007373 0.0066295057 0.066510975)
(0.0066295057 0.0079007373 0.066510975)
(0.00515684 0.0089319089 0.066510975)
(0.0035274863 0.009691689 0.066510975)
(0.0017909517 0.010156992 0.066510975)
(1.110223e-18 0.01031368 0.066510975)
(-0.0017909517 0.010156992 0.066510975)
(-0.0035274863 0.009691689 0.066510975)
(-0.00515684 0.0089319089 0.066510975)
(-0.0066295057 0.0079007373 0.066510975)
(-0.0079007373 0.0066295057 0.066510975)
(-0.0089319089 0.00515684 0.066510975)
(-0.009691689 0.0035274863 0.066510975)
(-0.010156992 0.0017909517 0.066510975)
(-0.01031368 1.3322676e-18 0.066510975)
(-0.010156992 -0.0017909517 0.066510975)
(-0.009691689 -0.0035274863 0.066510975)
(-0.0089319089 -0.00515684 0.066510975)
(-0.0079007373 -0.0066295057 0.066510975)
(-0.0066295057 -0.0079007373 0.066510975)
(-0.00515684 -0.0089319089 0.066510975)
(-0.0035274863 -0.009691689 0.066510975)
(-0.0017909517 -0.010156992 0.066510975)
(-1.7763568e-18 -0.01031368 0.066510975)
(0.0017909517 -0.010156992 0.066510975)
(0.0035274863 -0.009691689 0.066510975)
(0.00515684 -0.0089319089 0.066510975)
(0.0066295057 -0.0079007373 0.066510975)
(0.0079007373 -0.0066295057 0.066510975)
(0.0089319089 -0.00515684 0.066510975)
(0.009691689 -0.0035274863 0.066510975)
(0.010156992 -0.0017909517 0.066510975)
(0.010156992 0.0017909517 0.0653413)
(0.009691689 0.0035274863 0.0653413)
(0.0089319089 0.00515684 0.0653413)
(0.0079007373 0.0066295057 0.0653413)
(0.0066295057 0.0079007373 0.0653413)
(0.00515684 0.0089319089 0.0653413)
(0.0035274863 0.009691689 0.0653413)
(0.0017909517 0.010156992 0.0653413)
(1.7763568e-18 0.01031368 0.0653413)
(-0.0017909517 0.010156992 0.0653413)
(-0.0035274863 0.009691689 0.0653413)
(-0.00515684 0.0089319089 0.0653413)
(-0.0066295057 0.0079007373 0.0653413)
(-0.0079007373 0.0066295057 0.0653413)
(-0.0089319089 0.00515684 0.0653413)
(-0.009691689 0.0035274863 0.0653413)
(-0.010156992 0.0017909517 0.0653413)
(-0.01031368 2.8865799e-18 0.0653413)
(-0.010156992 -0.0017909517 0.0653413)
(-0.009691689 -0.0035274863 0.0653413)
(-0.0089319089 -0.00515684 0.0653413)
(-0.0079007373 -0.0066295057 0.0653413)
(-0.0066295057 -0.0079007373 0.0653413)
(-0.00515684 -0.0089319089 0.0653413)
(-0.0035274863 -0.009691689 0.0653413)
(-0.0017909517 -0.010156992 0.0653413)
(-5.1070259e-18 -0.01031368 0.0653413)
(0.0017909517 -0.010156992 0.0653413)
(0.0035274863 -0.009691689 0.0653413)
(0.00515684 -0.0089319089 0.0653413)
(0.0066295057 -0.0079007373 0.0653413)
(0.0079007373 -0.0066295057 0.0653413)
(0.0089319089 -0.00515684 0.0653413)
(0.009691689 -0.0035274863 0.0653413)
(0.010156992 -0.0017909517 0.0653413)
(0.010384798 0.00183112 0.07002)
(0.0099090587 0.0036066024 0.07002)
(0.0091322379 0.0052725 0.07002)
(0.0080779387 0.0067781953 0.07002)
(0.0067781953 0.0080779387 0.07002)
(0.0052725 0.0091322379 0.07002)
(0.0036066024 0.0099090587 0.07002)
(0.00183112 0.010384798 0.07002)
(6.6613381e-19 0.010545 0.07002)
(-0.00183112 0.010384798 0.07002)
(-0.0036066024 0.0099090587 0.07002)
(-0.0052725 0.0091322379 0.07002)
(-0.0067781953 0.0080779387 0.07002)
(-0.0080779387 0.0067781953 0.07002)
(-0.0091322379 0.0052725 0.07002)
(-0.0099090587 0.0036066024 0.07002)
(-0.010384798 0.00183112 0.07002)
(-0.010545 2.220446e-18 0.07002)
(-0.010384798 -0.00183112 0.07002)
(-0.0099090587 -0.0036066024 0.07002)
(-0.0091322379 -0.0052725 0.07002)
(-0.0080779387 -0.0067781953 0.07002)
(-0.0067781953 -0.0080779387 0.07002)
(-0.0052725 -0.0091322379 0.07002)
(-0.0036066024 -0.0099090587 0.07002)
(-0.00183112 -0.010384798 0.07002)
(-3.3306691e-18 -0.010545 0.07002)
(0.00183112 -0.010384798 0.07002)
(0.0036066024 -0.0099090587 0.07002)
(0.0052725 -0.0091322379 0.07002)
(0.0067781953 -0.0080779387 0.07002)
(0.0080779387 -0.0067781953 0.07002)
(0.0091322379 -0.0052725 0.07002)
(0.0099090587 -0.0036066024 0.07002)
(0.010384798 -0.00183112 0.07002)
(0.010384798 0.00183112 0.0653413)
(0.0099090587 0.0036066024 0.0653413)
(0.0091322379 0.0052725 0.0653413)
(0.0080779387 0.0067781953 0.0653413)
(0.0067781953 0.0080779387 0.0653413)
(0.0052725 0.0091322379 0.0653413)
(0.0036066024 0.0099090587 0.0653413)
(0.00183112 0.010384798 0.0653413)
(6.6613381e-19 0.010545 0.0653413)
(-0.00183112 0.010384798 0.0653413)
(-0.0036066024 0.0099090587 0.0653413)
(-0.0052725 0.0091322379 0.0653413)
(-0.0067781953 0.0080779387 0.0653413)
(-0.0080779387 0.0067781953 0.0653413)
(-0.0091322379 0.0052725 0.0653413)
(-0.0099090587 0.0036066024 0.0653413)
(-0.010384798 0.00183112 0.0653413)
(-0.010545 2.220446e-18 0.0653413)
(-0.010384798 -0.00183112 0.0653413)
(-0.0099090587 -0.0036066024 0.0653413)
(-0.0091322379 -0.0052725 0.0653413)
(-0.0080779387 -0.0067781953 0.0653413)
(-0.0067781953 -0.0080779387 0.0653413)
(-0.0052725 -0.0091322379 0.0653413)
(-0.0036066024 -0.0099090587 0.0653413)
(-0.00183112 -0.010384798 0.0653413)
(-3.3306691e-18 -0.010545 0.0653413)
(0.00183112 -0.010384798 0.0653413)
(0.0036066024 -0.0099090587 0.0653413)
(0.0052725 -0.0091322379 0.0653413)
(0.0067781953 -0.0080779387 0.0653413)
(0.0080779387 -0.0067781953 0.0653413)
(0.0091322379 -0.0052725 0.0653413)
(0.0099090587 -0.0036066024 0.0653413)
(0.010384798 -0.00183112 0.0653413)
(0.010384798 0.00183112 0.066510975)
(0.0099090587 0.0036066024 0.066510975)
(0.0091322379 0.0052725 0.066510975)
(0.0080779387 0.0067781953 0.066510975)
(0.0067781953 0.0080779387 0.066510975)
(0.0052725 0.0091322379 0.066510975)
(0.0036066024 0.0099090587 0.066510975)
(0.00183112 0.010384798 0.066510975)
(6.6613381e-19 0.010545 0.066510975)
(-0.00183112 0.010384798 0.066510975)
(-0.0036066024 0.0099090587 0.066510975)
(-0.0052725 0.0091322379 0.066510975)
(-0.0067781953 0.0080779387 0.066510975)
(-0.0080779387 0.0067781953 0.066510975)
(-0.0091322379 0.0052725 0.066510975)
(-0.0099090587 0.0036066024 0.066510975)
(-0.010384798 0.00183112 0.066510975)
(-0.010545 2.220446e-18 0.066510975)
(-0.010384798 -0.00183112 0.066510975)
(-0.0099090587 -0.0036066024 0.066510975)
(-0.0091322379 -0.0052725 0.066510975)
(-0.0080779387 -0.0067781953 0.066510975)
(-0.0067781953 -0.0080779387 0.066510975)
(-0.0052725 -0.0091322379 0.066510975)
(-0.0036066024 -0.0099090587 0.066510975)
(-0.00183112 -0.010384798 0.066510975)
(-3.3306691e-18 -0.010545 0.066510975)
(0.00183112 -0.010384798 0.066510975)
(0.0036066024 -0.0099090587 0.066510975)
(0.0052725 -0.0091322379 0.066510975)
(0.0067781953 -0.0080779387 0.066510975)
(0.0080779387 -0.0067781953 0.066510975)
(0.0091322379 -0.0052725 0.066510975)
(0.0099090587 -0.0036066024 0.066510975)
(0.010384798 -0.00183112 0.066510975)
(0.010384798 0.00183112 0.06768065)
(0.0099090587 0.0036066024 0.06768065)
(0.0091322379 0.0052725 0.06768065)
(0.0080779387 0.0067781953 0.06768065)
(0.0067781953 0.0080779387 0.06768065)
(0.0052725 0.0091322379 0.06768065)
(0.0036066024 0.0099090587 0.06768065)
(0.00183112 0.010384798 0.06768065)
(6.6613381e-19 0.010545 0.06768065)
(-0.00183112 0.010384798 0.06768065)
(-0.0036066024 0.0099090587 0.06768065)
(-0.0052725 0.0091322379 0.06768065)
(-0.0067781953 0.0080779387 0.06768065)
(-0.0080779387 0.0067781953 0.06768065)
(-0.0091322379 0.0052725 0.06768065)
(-0.0099090587 0.0036066024 0.06768065)
(-0.010384798 0.00183112 0.06768065)
(-0.010545 2.220446e-18 0.06768065)
(-0.010384798 -0.00183112 0.06768065)
(-0.0099090587 -0.0036066024 0.06768065)
(-0.0091322379 -0.0052725 0.06768065)
(-0.0080779387 -0.0067781953 0.06768065)
(-0.0067781953 -0.0080779387 0.06768065)
(-0.0052725 -0.0091322379 0.06768065)
(-0.0036066024 -0.0099090587 0.06768065)
(-0.00183112 -0.010384798 0.06768065)
(-3.3306691e-18 -0.010545 0.06768065)
(0.00183112 -0.010384798 0.06768065)
(0.0036066024 -0.0099090587 0.06768065)
(0.0052725 -0.0091322379 0.06768065)
(0.0067781953 -0.0080779387 0.06768065)
(0.0080779387 -0.0067781953 0.06768065)
(0.0091322379 -0.0052725 0.06768065)
(0.0099090587 -0.0036066024 0.06768065)
(0.010384798 -0.00183112 0.06768065)
(0.010384798 0.00183112 0.068850325)
(0.0099090587 0.0036066024 0.068850325)
(0.0091322379 0.0052725 0.068850325)
(0.0080779387 0.0067781953 0.068850325)
(0.0067781953 0.0080779387 0.068850325)
(0.0052725 0.0091322379 0.068850325)
(0.0036066024 0.0099090587 0.068850325)
(0.00183112 0.010384798 0.068850325)
(6.6613381e-19 0.010545 0.068850325)
(-0.00183112 0.010384798 0.068850325)
(-0.0036066024 0.0099090587 0.068850325)
(-0.0052725 0.0091322379 0.068850325)
(-0.0067781953 0.0080779387 0.068850325)
(-0.0080779387 0.0067781953 0.068850325)
(-0.0091322379 0.0052725 0.068850325)
(-0.0099090587 0.0036066024 0.068850325)
(-0.010384798 0.00183112 0.068850325)
(-0.010545 2.220446e-18 0.068850325)
(-0.010384798 -0.00183112 0.068850325)
(-0.0099090587 -0.0036066024 0.068850325)
(-0.0091322379 -0.0052725 0.068850325)
(-0.0080779387 -0.0067781953 0.068850325)
(-0.0067781953 -0.0080779387 0.068850325)
(-0.0052725 -0.0091322379 0.068850325)
(-0.0036066024 -0.0099090587 0.068850325)
(-0.00183112 -0.010384798 0.068850325)
(-3.3306691e-18 -0.010545 0.068850325)
(0.00183112 -0.010384798 0.068850325)
(0.0036066024 -0.0099090587 0.068850325)
(0.0052725 -0.0091322379 0.068850325)
(0.0067781953 -0.0080779387 0.068850325)
(0.0080779387 -0.0067781953 0.068850325)
(0.0091322379 -0.0052725 0.068850325)
(0.0099090587 -0.0036066024 0.068850325)
(0.010384798 -0.00183112 0.068850325)
(0.0099482239 0.0017541403 0.07002)
(0.0094924848 0.0034549819 0.07002)
(0.0087483213 0.0050508457 0.07002)
(0.0077383445 0.006493242 0.07002)
(0.006493242 0.0077383445 0.07002)
(0.0050508457 0.0087483213 0.07002)
(0.0034549819 0.0094924848 0.07002)
(0.0017541403 0.0099482239 0.07002)
(6.6613381e-19 0.010101691 0.07002)
(-0.0017541403 0.0099482239 0.07002)
(-0.0034549819 0.0094924848 0.07002)
(-0.0050508457 0.0087483213 0.07002)
(-0.006493242 0.0077383445 0.07002)
(-0.0077383445 0.006493242 0.07002)
(-0.0087483213 0.0050508457 0.07002)
(-0.0094924848 0.0034549819 0.07002)
(-0.0099482239 0.0017541403 0.07002)
(-0.010101691 6.6613381e-19 0.07002)
(-0.0099482239 -0.0017541403 0.07002)
(-0.0094924848 -0.0034549819 0.07002)
(-0.0087483213 -0.0050508457 0.07002)
(-0.0077383445 -0.006493242 0.07002)
(-0.006493242 -0.0077383445 0.07002)
(-0.0050508457 -0.0087483213 0.07002)
(-0.0034549819 -0.0094924848 0.07002)
(-0.0017541403 -0.0099482239 0.07002)
(-1.3322676e-18 -0.010101691 0.07002)
(0.0017541403 -0.0099482239 0.07002)
(0.0034549819 -0.0094924848 0.07002)
(0.0050508457 -0.0087483213 0.07002)
(0.006493242 -0.0077383445 0.07002)
(0.0077383445 -0.006493242 0.07002)
(0.0087483213 -0.0050508457 0.07002)
(0.0094924848 -0.0034549819 0.07002)
(0.0099482239 -0.0017541403 0.07002)
(0.0096908449 0.0017087574 0.07002)
(0.0092468966 0.0033655951 0.07002)
(0.008521986 0.0049201709 0.07002)
(0.0075381391 0.0063252498 0.07002)
(0.0063252498 0.0075381391 0.07002)
(0.0049201709 0.008521986 0.07002)
(0.0033655951 0.0092468966 0.07002)
(0.0017087574 0.0096908449 0.07002)
(-2.220446e-19 0.0098403418 0.07002)
(-0.0017087574 0.0096908449 0.07002)
(-0.0033655951 0.0092468966 0.07002)
(-0.0049201709 0.008521986 0.07002)
(-0.0063252498 0.0075381391 0.07002)
(-0.0075381391 0.0063252498 0.07002)
(-0.008521986 0.0049201709 0.07002)
(-0.0092468966 0.0033655951 0.07002)
(-0.0096908449 0.0017087574 0.07002)
(-0.0098403418 6.6613381e-19 0.07002)
(-0.0096908449 -0.0017087574 0.07002)
(-0.0092468966 -0.0033655951 0.07002)
(-0.008521986 -0.0049201709 0.07002)
(-0.0075381391 -0.0063252498 0.07002)
(-0.0063252498 -0.0075381391 0.07002)
(-0.0049201709 -0.008521986 0.07002)
(-0.0033655951 -0.0092468966 0.07002)
(-0.0017087574 -0.0096908449 0.07002)
(-8.8817842e-19 -0.0098403418 0.07002)
(0.0017087574 -0.0096908449 0.07002)
(0.0033655951 -0.0092468966 0.07002)
(0.0049201709 -0.008521986 0.07002)
(0.0063252498 -0.0075381391 0.07002)
(0.0075381391 -0.0063252498 0.07002)
(0.008521986 -0.0049201709 0.07002)
(0.0092468966 -0.0033655951 0.07002)
(0.0096908449 -0.0017087574 0.07002)
(0.009373536 0.0016528073 0.07002)
(0.0089441239 0.0032553949 0.07002)
(0.0082429492 0.0047590689 0.07002)
(0.0072913166 0.0061181411 0.07002)
(0.0061181411 0.0072913166 0.07002)
(0.0047590689 0.0082429492 0.07002)
(0.0032553949 0.0089441239 0.07002)
(0.0016528073 0.009373536 0.07002)
(8.8817842e-19 0.0095181379 0.07002)
(-0.0016528073 0.009373536 0.07002)
(-0.0032553949 0.0089441239 0.07002)
(-0.0047590689 0.0082429492 0.07002)
(-0.0061181411 0.0072913166 0.07002)
(-0.0072913166 0.0061181411 0.07002)
(-0.0082429492 0.0047590689 0.07002)
(-0.0089441239 0.0032553949 0.07002)
(-0.009373536 0.0016528073 0.07002)
(-0.0095181379 2.4424907e-18 0.07002)
(-0.009373536 -0.0016528073 0.07002)
(-0.0089441239 -0.0032553949 0.07002)
(-0.0082429492 -0.0047590689 0.07002)
(-0.0072913166 -0.0061181411 0.07002)
(-0.0061181411 -0.0072913166 0.07002)
(-0.0047590689 -0.0082429492 0.07002)
(-0.0032553949 -0.0089441239 0.07002)
(-0.0016528073 -0.009373536 0.07002)
(-4.4408921e-18 -0.0095181379 0.07002)
(0.0016528073 -0.009373536 0.07002)
(0.0032553949 -0.0089441239 0.07002)
(0.0047590689 -0.0082429492 0.07002)
(0.0061181411 -0.0072913166 0.07002)
(0.0072913166 -0.0061181411 0.07002)
(0.0082429492 -0.0047590689 0.07002)
(0.0089441239 -0.0032553949 0.07002)
(0.009373536 -0.0016528073 0.07002)
(0.0089823427 0.0015838294 0.07002)
(0.0085708516 0.0031195349 0.07002)
(0.0078989396 0.0045604549 0.07002)
(0.0069870223 0.0058628078 0.07002)
(0.0058628078 0.0069870223 0.07002)
(0.0045604549 0.0078989396 0.07002)
(0.0031195349 0.0085708516 0.07002)
(0.0015838294 0.0089823427 0.07002)
(8.8817842e-19 0.0091209098 0.07002)
(-0.0015838294 0.0089823427 0.07002)
(-0.0031195349 0.0085708516 0.07002)
(-0.0045604549 0.0078989396 0.07002)
(-0.0058628078 0.0069870223 0.07002)
(-0.0069870223 0.0058628078 0.07002)
(-0.0078989396 0.0045604549 0.07002)
(-0.0085708516 0.0031195349 0.07002)
(-0.0089823427 0.0015838294 0.07002)
(-0.0091209098 1.7763568e-18 0.07002)
(-0.0089823427 -0.0015838294 0.07002)
(-0.0085708516 -0.0031195349 0.07002)
(-0.0078989396 -0.0045604549 0.07002)
(-0.0069870223 -0.0058628078 0.07002)
(-0.0058628078 -0.0069870223 0.07002)
(-0.0045604549 -0.0078989396 0.07002)
(-0.0031195349 -0.0085708516 0.07002)
(-0.0015838294 -0.0089823427 0.07002)
(-2.4424907e-18 -0.0091209098 0.07002)
(0.0015838294 -0.0089823427 0.07002)
(0.0031195349 -0.0085708516 0.07002)
(0.0045604549 -0.0078989396 0.07002)
(0.0058628078 -0.0069870223 0.07002)
(0.0069870223 -0.0058628078 0.07002)
(0.0078989396 -0.0045604549 0.07002)
(0.0085708516 -0.0031195349 0.07002)
(0.0089823427 -0.0015838294 0.07002)
(0.0085000613 0.0014987901 0.07002)
(0.0081106641 0.0029520403 0.07002)
(0.0074748285 0.0043155942 0.07002)
(0.006611874 0.005548021 0.07002)
(0.005548021 0.006611874 0.07002)
(0.0043155942 0.0074748285 0.07002)
(0.0029520403 0.0081106641 0.07002)
(0.0014987901 0.0085000613 0.07002)
(8.8817842e-19 0.0086311885 0.07002)
(-0.0014987901 0.0085000613 0.07002)
(-0.0029520403 0.0081106641 0.07002)
(-0.0043155942 0.0074748285 0.07002)
(-0.005548021 0.006611874 0.07002)
(-0.006611874 0.005548021 0.07002)
(-0.0074748285 0.0043155942 0.07002)
(-0.0081106641 0.0029520403 0.07002)
(-0.0085000613 0.0014987901 0.07002)
(-0.0086311885 1.7763568e-18 0.07002)
(-0.0085000613 -0.0014987901 0.07002)
(-0.0081106641 -0.0029520403 0.07002)
(-0.0074748285 -0.0043155942 0.07002)
(-0.006611874 -0.005548021 0.07002)
(-0.005548021 -0.006611874 0.07002)
(-0.0043155942 -0.0074748285 0.07002)
(-0.0029520403 -0.0081106641 0.07002)
(-0.0014987901 -0.0085000613 0.07002)
(-2.220446e-18 -0.0086311885 0.07002)
(0.0014987901 -0.0085000613 0.07002)
(0.0029520403 -0.0081106641 0.07002)
(0.0043155942 -0.0074748285 0.07002)
(0.005548021 -0.006611874 0.07002)
(0.006611874 -0.005548021 0.07002)
(0.0074748285 -0.0043155942 0.07002)
(0.0081106641 -0.0029520403 0.07002)
(0.0085000613 -0.0014987901 0.07002)
(0.0079054823 0.0013939498 0.07002)
(0.0075433234 0.0027455452 0.07002)
(0.0069519645 0.0040137186 0.07002)
(0.0061493736 0.0051599371 0.07002)
(0.0051599371 0.0061493736 0.07002)
(0.0040137186 0.0069519645 0.07002)
(0.0027455452 0.0075433234 0.07002)
(0.0013939498 0.0079054823 0.07002)
(4.4408921e-19 0.0080274371 0.07002)
(-0.0013939498 0.0079054823 0.07002)
(-0.0027455452 0.0075433234 0.07002)
(-0.0040137186 0.0069519645 0.07002)
(-0.0051599371 0.0061493736 0.07002)
(-0.0061493736 0.0051599371 0.07002)
(-0.0069519645 0.0040137186 0.07002)
(-0.0075433234 0.0027455452 0.07002)
(-0.0079054823 0.0013939498 0.07002)
(-0.0080274371 -4.4408921e-19 0.07002)
(-0.0079054823 -0.0013939498 0.07002)
(-0.0075433234 -0.0027455452 0.07002)
(-0.0069519645 -0.0040137186 0.07002)
(-0.0061493736 -0.0051599371 0.07002)
(-0.0051599371 -0.0061493736 0.07002)
(-0.0040137186 -0.0069519645 0.07002)
(-0.0027455452 -0.0075433234 0.07002)
(-0.0013939498 -0.0079054823 0.07002)
(-2.220446e-19 -0.0080274371 0.07002)
(0.0013939498 -0.0079054823 0.07002)
(0.0027455452 -0.0075433234 0.07002)
(0.0040137186 -0.0069519645 0.07002)
(0.0051599371 -0.0061493736 0.07002)
(0.0061493736 -0.0051599371 0.07002)
(0.0069519645 -0.0040137186 0.07002)
(0.0075433234 -0.0027455452 0.07002)
(0.0079054823 -0.0013939498 0.07002)
(0.0071724575 0.0012646978 0.07002)
(0.0068438793 0.0024909684 0.07002)
(0.0063073533 0.0036415521 0.07002)
(0.0055791815 0.0046814892 0.07002)
(0.0046814892 0.0055791815 0.07002)
(0.0036415521 0.0063073533 0.07002)
(0.0024909684 0.0068438793 0.07002)
(0.0012646978 0.0071724575 0.07002)
(2.220446e-19 0.0072831042 0.07002)
(-0.0012646978 0.0071724575 0.07002)
(-0.0024909684 0.0068438793 0.07002)
(-0.0036415521 0.0063073533 0.07002)
(-0.0046814892 0.0055791815 0.07002)
(-0.0055791815 0.0046814892 0.07002)
(-0.0063073533 0.0036415521 0.07002)
(-0.0068438793 0.0024909684 0.07002)
(-0.0071724575 0.0012646978 0.07002)
(-0.0072831042 1.5543122e-18 0.07002)
(-0.0071724575 -0.0012646978 0.07002)
(-0.0068438793 -0.0024909684 0.07002)
(-0.0063073533 -0.0036415521 0.07002)
(-0.0055791815 -0.0046814892 0.07002)
(-0.0046814892 -0.0055791815 0.07002)
(-0.0036415521 -0.0063073533 0.07002)
(-0.0024909684 -0.0068438793 0.07002)
(-0.0012646978 -0.0071724575 0.07002)
(-2.4424907e-18 -0.0072831042 0.07002)
(0.0012646978 -0.0071724575 0.07002)
(0.0024909684 -0.0068438793 0.07002)
(0.0036415521 -0.0063073533 0.07002)
(0.0046814892 -0.0055791815 0.07002)
(0.0055791815 -0.0046814892 0.07002)
(0.0063073533 -0.0036415521 0.07002)
(0.0068438793 -0.0024909684 0.07002)
(0.0071724575 -0.0012646978 0.07002)
(0.0062687503 0.0011053498 0.07002)
(0.0059815719 0.0021771141 0.07002)
(0.0055126465 0.0031827279 0.07002)
(0.0048762221 0.0040916362 0.07002)
(0.0040916362 0.0048762221 0.07002)
(0.0031827279 0.0055126465 0.07002)
(0.0021771141 0.0059815719 0.07002)
(0.0011053498 0.0062687503 0.07002)
(4.4408921e-19 0.0063654559 0.07002)
(-0.0011053498 0.0062687503 0.07002)
(-0.0021771141 0.0059815719 0.07002)
(-0.0031827279 0.0055126465 0.07002)
(-0.0040916362 0.0048762221 0.07002)
(-0.0048762221 0.0040916362 0.07002)
(-0.0055126465 0.0031827279 0.07002)
(-0.0059815719 0.0021771141 0.07002)
(-0.0062687503 0.0011053498 0.07002)
(-0.0063654559 1.110223e-18 0.07002)
(-0.0062687503 -0.0011053498 0.07002)
(-0.0059815719 -0.0021771141 0.07002)
(-0.0055126465 -0.0031827279 0.07002)
(-0.0048762221 -0.0040916362 0.07002)
(-0.0040916362 -0.0048762221 0.07002)
(-0.0031827279 -0.0055126465 0.07002)
(-0.0021771141 -0.0059815719 0.07002)
(-0.0011053498 -0.0062687503 0.07002)
(-1.5543122e-18 -0.0063654559 0.07002)
(0.0011053498 -0.0062687503 0.07002)
(0.0021771141 -0.0059815719 0.07002)
(0.0031827279 -0.0055126465 0.07002)
(0.0040916362 -0.0048762221 0.07002)
(0.0048762221 -0.0040916362 0.07002)
(0.0055126465 -0.0031827279 0.07002)
(0.0059815719 -0.0021771141 0.07002)
(0.0062687503 -0.0011053498 0.07002)
(0.0051546178 0.0009088982 0.07002)
(0.0049184791 0.00179018 0.07002)
(0.0045328948 0.0026170681 0.07002)
(0.0040095809 0.0033644378 0.07002)
(0.0033644378 0.0040095809 0.07002)
(0.0026170681 0.0045328948 0.07002)
(0.00179018 0.0049184791 0.07002)
(0.0009088982 0.0051546178 0.07002)
(-2.220446e-19 0.0052341361 0.07002)
(-0.0009088982 0.0051546178 0.07002)
(-0.00179018 0.0049184791 0.07002)
(-0.0026170681 0.0045328948 0.07002)
(-0.0033644378 0.0040095809 0.07002)
(-0.0040095809 0.0033644378 0.07002)
(-0.0045328948 0.0026170681 0.07002)
(-0.0049184791 0.00179018 0.07002)
(-0.0051546178 0.0009088982 0.07002)
(-0.0052341361 1.110223e-19 0.07002)
(-0.0051546178 -0.0009088982 0.07002)
(-0.0049184791 -0.00179018 0.07002)
(-0.0045328948 -0.0026170681 0.07002)
(-0.0040095809 -0.0033644378 0.07002)
(-0.0033644378 -0.0040095809 0.07002)
(-0.0026170681 -0.0045328948 0.07002)
(-0.00179018 -0.0049184791 0.07002)
(-0.0009088982 -0.0051546178 0.07002)
(-7.7715612e-19 -0.0052341361 0.07002)
(0.0009088982 -0.0051546178 0.07002)
(0.00179018 -0.0049184791 0.07002)
(0.0026170681 -0.0045328948 0.07002)
(0.0033644378 -0.0040095809 0.07002)
(0.0040095809 -0.0033644378 0.07002)
(0.0045328948 -0.0026170681 0.07002)
(0.0049184791 -0.00179018 0.07002)
(0.0051546178 -0.0009088982 0.07002)
(0.0037810632 0.00066670346 0.07002)
(0.0036078485 0.0013131495 0.07002)
(0.0033250112 0.0019196961 0.07002)
(0.0029411451 0.0024679137 0.07002)
(0.0024679137 0.0029411451 0.07002)
(0.0019196961 0.0033250112 0.07002)
(0.0013131495 0.0036078485 0.07002)
(0.00066670346 0.0037810632 0.07002)
(5.5511151e-19 0.0038393922 0.07002)
(-0.00066670346 0.0037810632 0.07002)
(-0.0013131495 0.0036078485 0.07002)
(-0.0019196961 0.0033250112 0.07002)
(-0.0024679137 0.0029411451 0.07002)
(-0.0029411451 0.0024679137 0.07002)
(-0.0033250112 0.0019196961 0.07002)
(-0.0036078485 0.0013131495 0.07002)
(-0.0037810632 0.00066670346 0.07002)
(-0.0038393922 1.5543122e-18 0.07002)
(-0.0037810632 -0.00066670346 0.07002)
(-0.0036078485 -0.0013131495 0.07002)
(-0.0033250112 -0.0019196961 0.07002)
(-0.0029411451 -0.0024679137 0.07002)
(-0.0024679137 -0.0029411451 0.07002)
(-0.0019196961 -0.0033250112 0.07002)
(-0.0013131495 -0.0036078485 0.07002)
(-0.00066670346 -0.0037810632 0.07002)
(-1.8873791e-18 -0.0038393922 0.07002)
(0.00066670346 -0.0037810632 0.07002)
(0.0013131495 -0.0036078485 0.07002)
(0.0019196961 -0.0033250112 0.07002)
(0.0024679137 -0.0029411451 0.07002)
(0.0029411451 -0.0024679137 0.07002)
(0.0033250112 -0.0019196961 0.07002)
(0.0036078485 -0.0013131495 0.07002)
(0.0037810632 -0.00066670346 0.07002)
(0.0020876809 0.00036811447 0.07002)
(0.0019920419 0.00072504396 0.07002)
(0.0018358758 0.0010599434 0.07002)
(0.0016239274 0.0013626369 0.07002)
(0.0013626369 0.0016239274 0.07002)
(0.0010599434 0.0018358758 0.07002)
(0.00072504396 0.0019920419 0.07002)
(0.00036811447 0.0020876809 0.07002)
(2.7755576e-19 0.0021198867 0.07002)
(-0.00036811447 0.0020876809 0.07002)
(-0.00072504396 0.0019920419 0.07002)
(-0.0010599434 0.0018358758 0.07002)
(-0.0013626369 0.0016239274 0.07002)
(-0.0016239274 0.0013626369 0.07002)
(-0.0018358758 0.0010599434 0.07002)
(-0.0019920419 0.00072504396 0.07002)
(-0.0020876809 0.00036811447 0.07002)
(-0.0021198867 3.8857806e-19 0.07002)
(-0.0020876809 -0.00036811447 0.07002)
(-0.0019920419 -0.00072504396 0.07002)
(-0.0018358758 -0.0010599434 0.07002)
(-0.0016239274 -0.0013626369 0.07002)
(-0.0013626369 -0.0016239274 0.07002)
(-0.0010599434 -0.0018358758 0.07002)
(-0.00072504396 -0.0019920419 0.07002)
(-0.00036811447 -0.0020876809 0.07002)
(-7.2164497e-19 -0.0021198867 0.07002)
(0.00036811447 -0.0020876809 0.07002)
(0.00072504396 -0.0019920419 0.07002)
(0.0010599434 -0.0018358758 0.07002)
(0.0013626369 -0.0016239274 0.07002)
(0.0016239274 -0.0013626369 0.07002)
(0.0018358758 -0.0010599434 0.07002)
(0.0019920419 -0.00072504396 0.07002)
(0.0020876809 -0.00036811447 0.07002)
(0.0099482239 0.0017541403 0.0653413)
(0.0094924848 0.0034549819 0.0653413)
(0.0087483213 0.0050508457 0.0653413)
(0.0077383445 0.006493242 0.0653413)
(0.006493242 0.0077383445 0.0653413)
(0.0050508457 0.0087483213 0.0653413)
(0.0034549819 0.0094924848 0.0653413)
(0.0017541403 0.0099482239 0.0653413)
(6.6613381e-19 0.010101691 0.0653413)
(-0.0017541403 0.0099482239 0.0653413)
(-0.0034549819 0.0094924848 0.0653413)
(-0.0050508457 0.0087483213 0.0653413)
(-0.006493242 0.0077383445 0.0653413)
(-0.0077383445 0.006493242 0.0653413)
(-0.0087483213 0.0050508457 0.0653413)
(-0.0094924848 0.0034549819 0.0653413)
(-0.0099482239 0.0017541403 0.0653413)
(-0.010101691 6.6613381e-19 0.0653413)
(-0.0099482239 -0.0017541403 0.0653413)
(-0.0094924848 -0.0034549819 0.0653413)
(-0.0087483213 -0.0050508457 0.0653413)
(-0.0077383445 -0.006493242 0.0653413)
(-0.006493242 -0.0077383445 0.0653413)
(-0.0050508457 -0.0087483213 0.0653413)
(-0.0034549819 -0.0094924848 0.0653413)
(-0.0017541403 -0.0099482239 0.0653413)
(-1.3322676e-18 -0.010101691 0.0653413)
(0.0017541403 -0.0099482239 0.0653413)
(0.0034549819 -0.0094924848 0.0653413)
(0.0050508457 -0.0087483213 0.0653413)
(0.006493242 -0.0077383445 0.0653413)
(0.0077383445 -0.006493242 0.0653413)
(0.0087483213 -0.0050508457 0.0653413)
(0.0094924848 -0.0034549819 0.0653413)
(0.0099482239 -0.0017541403 0.0653413)
(0.0096908449 0.0017087574 0.0653413)
(0.0092468966 0.0033655951 0.0653413)
(0.008521986 0.0049201709 0.0653413)
(0.0075381391 0.0063252498 0.0653413)
(0.0063252498 0.0075381391 0.0653413)
(0.0049201709 0.008521986 0.0653413)
(0.0033655951 0.0092468966 0.0653413)
(0.0017087574 0.0096908449 0.0653413)
(-2.220446e-19 0.0098403418 0.0653413)
(-0.0017087574 0.0096908449 0.0653413)
(-0.0033655951 0.0092468966 0.0653413)
(-0.0049201709 0.008521986 0.0653413)
(-0.0063252498 0.0075381391 0.0653413)
(-0.0075381391 0.0063252498 0.0653413)
(-0.008521986 0.0049201709 0.0653413)
(-0.0092468966 0.0033655951 0.0653413)
(-0.0096908449 0.0017087574 0.0653413)
(-0.0098403418 6.6613381e-19 0.0653413)
(-0.0096908449 -0.0017087574 0.0653413)
(-0.0092468966 -0.0033655951 0.0653413)
(-0.008521986 -0.0049201709 0.0653413)
(-0.0075381391 -0.0063252498 0.0653413)
(-0.0063252498 -0.0075381391 0.0653413)
(-0.0049201709 -0.008521986 0.0653413)
(-0.0033655951 -0.0092468966 0.0653413)
(-0.0017087574 -0.0096908449 0.0653413)
(-8.8817842e-19 -0.0098403418 0.0653413)
(0.0017087574 -0.0096908449 0.0653413)
(0.0033655951 -0.0092468966 0.0653413)
(0.0049201709 -0.008521986 0.0653413)
(0.0063252498 -0.0075381391 0.0653413)
(0.0075381391 -0.0063252498 0.0653413)
(0.008521986 -0.0049201709 0.0653413)
(0.0092468966 -0.0033655951 0.0653413)
(0.0096908449 -0.0017087574 0.0653413)
(0.009373536 0.0016528073 0.0653413)
(0.0089441239 0.0032553949 0.0653413)
(0.0082429492 0.0047590689 0.0653413)
(0.0072913166 0.0061181411 0.0653413)
(0.0061181411 0.0072913166 0.0653413)
(0.0047590689 0.0082429492 0.0653413)
(0.0032553949 0.0089441239 0.0653413)
(0.0016528073 0.009373536 0.0653413)
(8.8817842e-19 0.0095181379 0.0653413)
(-0.0016528073 0.009373536 0.0653413)
(-0.0032553949 0.0089441239 0.0653413)
(-0.0047590689 0.0082429492 0.0653413)
(-0.0061181411 0.0072913166 0.0653413)
(-0.0072913166 0.0061181411 0.0653413)
(-0.0082429492 0.0047590689 0.0653413)
(-0.0089441239 0.0032553949 0.0653413)
(-0.009373536 0.0016528073 0.0653413)
(-0.0095181379 2.4424907e-18 0.0653413)
(-0.009373536 -0.0016528073 0.0653413)
(-0.0089441239 -0.0032553949 0.0653413)
(-0.0082429492 -0.0047590689 0.0653413)
(-0.0072913166 -0.0061181411 0.0653413)
(-0.0061181411 -0.0072913166 0.0653413)
(-0.0047590689 -0.0082429492 0.0653413)
(-0.0032553949 -0.0089441239 0.0653413)
(-0.0016528073 -0.009373536 0.0653413)
(-4.4408921e-18 -0.0095181379 0.0653413)
(0.0016528073 -0.009373536 0.0653413)
(0.0032553949 -0.0089441239 0.0653413)
(0.0047590689 -0.0082429492 0.0653413)
(0.0061181411 -0.0072913166 0.0653413)
(0.0072913166 -0.0061181411 0.0653413)
(0.0082429492 -0.0047590689 0.0653413)
(0.0089441239 -0.0032553949 0.0653413)
(0.009373536 -0.0016528073 0.0653413)
(0.0089823427 0.0015838294 0.0653413)
(0.0085708516 0.0031195349 0.0653413)
(0.0078989396 0.0045604549 0.0653413)
(0.0069870223 0.0058628078 0.0653413)
(0.0058628078 0.0069870223 0.0653413)
(0.0045604549 0.0078989396 0.0653413)
(0.0031195349 0.0085708516 0.0653413)
(0.0015838294 0.0089823427 0.0653413)
(8.8817842e-19 0.0091209098 0.0653413)
(-0.0015838294 0.0089823427 0.0653413)
(-0.0031195349 0.0085708516 0.0653413)
(-0.0045604549 0.0078989396 0.0653413)
(-0.0058628078 0.0069870223 0.0653413)
(-0.0069870223 0.0058628078 0.0653413)
(-0.0078989396 0.0045604549 0.0653413)
(-0.0085708516 0.0031195349 0.0653413)
(-0.0089823427 0.0015838294 0.0653413)
(-0.0091209098 1.7763568e-18 0.0653413)
(-0.0089823427 -0.0015838294 0.0653413)
(-0.0085708516 -0.0031195349 0.0653413)
(-0.0078989396 -0.0045604549 0.0653413)
(-0.0069870223 -0.0058628078 0.0653413)
(-0.0058628078 -0.0069870223 0.0653413)
(-0.0045604549 -0.0078989396 0.0653413)
(-0.0031195349 -0.0085708516 0.0653413)
(-0.0015838294 -0.0089823427 0.0653413)
(-2.4424907e-18 -0.0091209098 0.0653413)
(0.0015838294 -0.0089823427 0.0653413)
(0.0031195349 -0.0085708516 0.0653413)
(0.0045604549 -0.0078989396 0.0653413)
(0.0058628078 -0.0069870223 0.0653413)
(0.0069870223 -0.0058628078 0.0653413)
(0.0078989396 -0.0045604549 0.0653413)
(0.0085708516 -0.0031195349 0.0653413)
(0.0089823427 -0.0015838294 0.0653413)
(0.0085000613 0.0014987901 0.0653413)
(0.0081106641 0.0029520403 0.0653413)
(0.0074748285 0.0043155942 0.0653413)
(0.006611874 0.005548021 0.0653413)
(0.005548021 0.006611874 0.0653413)
(0.0043155942 0.0074748285 0.0653413)
(0.0029520403 0.0081106641 0.0653413)
(0.0014987901 0.0085000613 0.0653413)
(8.8817842e-19 0.0086311885 0.0653413)
(-0.0014987901 0.0085000613 0.0653413)
(-0.0029520403 0.0081106641 0.0653413)
(-0.0043155942 0.0074748285 0.0653413)
(-0.005548021 0.006611874 0.0653413)
(-0.006611874 0.005548021 0.0653413)
(-0.0074748285 0.0043155942 0.0653413)
(-0.0081106641 0.0029520403 0.0653413)
(-0.0085000613 0.0014987901 0.0653413)
(-0.0086311885 1.7763568e-18 0.0653413)
(-0.0085000613 -0.0014987901 0.0653413)
(-0.0081106641 -0.0029520403 0.0653413)
(-0.0074748285 -0.0043155942 0.0653413)
(-0.006611874 -0.005548021 0.0653413)
(-0.005548021 -0.006611874 0.0653413)
(-0.0043155942 -0.0074748285 0.0653413)
(-0.0029520403 -0.0081106641 0.0653413)
(-0.0014987901 -0.0085000613 0.0653413)
(-2.220446e-18 -0.0086311885 0.0653413)
(0.0014987901 -0.0085000613 0.0653413)
(0.0029520403 -0.0081106641 0.0653413)
(0.0043155942 -0.0074748285 0.0653413)
(0.005548021 -0.006611874 0.0653413)
(0.006611874 -0.005548021 0.0653413)
(0.0074748285 -0.0043155942 0.0653413)
(0.0081106641 -0.0029520403 0.0653413)
(0.0085000613 -0.0014987901 0.0653413)
(0.0079054823 0.0013939498 0.0653413)
(0.0075433234 0.0027455452 0.0653413)
(0.0069519645 0.0040137186 0.0653413)
(0.0061493736 0.0051599371 0.0653413)
(0.0051599371 0.0061493736 0.0653413)
(0.0040137186 0.0069519645 0.0653413)
(0.0027455452 0.0075433234 0.0653413)
(0.0013939498 0.0079054823 0.0653413)
(4.4408921e-19 0.0080274371 0.0653413)
(-0.0013939498 0.0079054823 0.0653413)
(-0.0027455452 0.0075433234 0.0653413)
(-0.0040137186 0.0069519645 0.0653413)
(-0.0051599371 0.0061493736 0.0653413)
(-0.0061493736 0.0051599371 0.0653413)
(-0.0069519645 0.0040137186 0.0653413)
(-0.0075433234 0.0027455452 0.0653413)
(-0.0079054823 0.0013939498 0.0653413)
(-0.0080274371 -4.4408921e-19 0.0653413)
(-0.0079054823 -0.0013939498 0.0653413)
(-0.0075433234 -0.0027455452 0.0653413)
(-0.0069519645 -0.0040137186 0.0653413)
(-0.0061493736 -0.0051599371 0.0653413)
(-0.0051599371 -0.0061493736 0.0653413)
(-0.0040137186 -0.0069519645 0.0653413)
(-0.0027455452 -0.0075433234 0.0653413)
(-0.0013939498 -0.0079054823 0.0653413)
(-2.220446e-19 -0.0080274371 0.0653413)
(0.0013939498 -0.0079054823 0.0653413)
(0.0027455452 -0.0075433234 0.0653413)
(0.0040137186 -0.0069519645 0.0653413)
(0.0051599371 -0.0061493736 0.0653413)
(0.0061493736 -0.0051599371 0.0653413)
(0.0069519645 -0.0040137186 0.0653413)
(0.0075433234 -0.0027455452 0.0653413)
(0.0079054823 -0.0013939498 0.0653413)
(0.0071724575 0.0012646978 0.0653413)
(0.0068438793 0.0024909684 0.0653413)
(0.0063073533 0.0036415521 0.0653413)
(0.0055791815 0.0046814892 0.0653413)
(0.0046814892 0.0055791815 0.0653413)
(0.0036415521 0.0063073533 0.0653413)
(0.0024909684 0.0068438793 0.0653413)
(0.0012646978 0.0071724575 0.0653413)
(2.220446e-19 0.0072831042 0.0653413)
(-0.0012646978 0.0071724575 0.0653413)
(-0.0024909684 0.0068438793 0.0653413)
(-0.0036415521 0.0063073533 0.0653413)
(-0.0046814892 0.0055791815 0.0653413)
(-0.0055791815 0.0046814892 0.0653413)
(-0.0063073533 0.0036415521 0.0653413)
(-0.0068438793 0.0024909684 0.0653413)
(-0.0071724575 0.0012646978 0.0653413)
(-0.0072831042 1.5543122e-18 0.0653413)
(-0.0071724575 -0.0012646978 0.0653413)
(-0.0068438793 -0.0024909684 0.0653413)
(-0.0063073533 -0.0036415521 0.0653413)
(-0.0055791815 -0.0046814892 0.0653413)
(-0.0046814892 -0.0055791815 0.0653413)
(-0.0036415521 -0.0063073533 0.0653413)
(-0.0024909684 -0.0068438793 0.0653413)
(-0.0012646978 -0.0071724575 0.0653413)
(-2.4424907e-18 -0.0072831042 0.0653413)
(0.0012646978 -0.0071724575 0.0653413)
(0.0024909684 -0.0068438793 0.0653413)
(0.0036415521 -0.0063073533 0.0653413)
(0.0046814892 -0.0055791815 0.0653413)
(0.0055791815 -0.0046814892 0.0653413)
(0.0063073533 -0.0036415521 0.0653413)
(0.0068438793 -0.0024909684 0.0653413)
(0.0071724575 -0.0012646978 0.0653413)
(0.0062687503 0.0011053498 0.0653413)
(0.0059815719 0.0021771141 0.0653413)
(0.0055126465 0.0031827279 0.0653413)
(0.0048762221 0.0040916362 0.0653413)
(0.0040916362 0.0048762221 0.0653413)
(0.0031827279 0.0055126465 0.0653413)
(0.0021771141 0.0059815719 0.0653413)
(0.0011053498 0.0062687503 0.0653413)
(4.4408921e-19 0.0063654559 0.0653413)
(-0.0011053498 0.0062687503 0.0653413)
(-0.0021771141 0.0059815719 0.0653413)
(-0.0031827279 0.0055126465 0.0653413)
(-0.0040916362 0.0048762221 0.0653413)
(-0.0048762221 0.0040916362 0.0653413)
(-0.0055126465 0.0031827279 0.0653413)
(-0.0059815719 0.0021771141 0.0653413)
(-0.0062687503 0.0011053498 0.0653413)
(-0.0063654559 1.110223e-18 0.0653413)
(-0.0062687503 -0.0011053498 0.0653413)
(-0.0059815719 -0.0021771141 0.0653413)
(-0.0055126465 -0.0031827279 0.0653413)
(-0.0048762221 -0.0040916362 0.0653413)
(-0.0040916362 -0.0048762221 0.0653413)
(-0.0031827279 -0.0055126465 0.0653413)
(-0.0021771141 -0.0059815719 0.0653413)
(-0.0011053498 -0.0062687503 0.0653413)
(-1.5543122e-18 -0.0063654559 0.0653413)
(0.0011053498 -0.0062687503 0.0653413)
(0.0021771141 -0.0059815719 0.0653413)
(0.0031827279 -0.0055126465 0.0653413)
(0.0040916362 -0.0048762221 0.0653413)
(0.0048762221 -0.0040916362 0.0653413)
(0.0055126465 -0.0031827279 0.0653413)
(0.0059815719 -0.0021771141 0.0653413)
(0.0062687503 -0.0011053498 0.0653413)
(0.0051546178 0.0009088982 0.0653413)
(0.0049184791 0.00179018 0.0653413)
(0.0045328948 0.0026170681 0.0653413)
(0.0040095809 0.0033644378 0.0653413)
(0.0033644378 0.0040095809 0.0653413)
(0.0026170681 0.0045328948 0.0653413)
(0.00179018 0.0049184791 0.0653413)
(0.0009088982 0.0051546178 0.0653413)
(-1.110223e-19 0.0052341361 0.0653413)
(-0.0009088982 0.0051546178 0.0653413)
(-0.00179018 0.0049184791 0.0653413)
(-0.0026170681 0.0045328948 0.0653413)
(-0.0033644378 0.0040095809 0.0653413)
(-0.0040095809 0.0033644378 0.0653413)
(-0.0045328948 0.0026170681 0.0653413)
(-0.0049184791 0.00179018 0.0653413)
(-0.0051546178 0.0009088982 0.0653413)
(-0.0052341361 4.4408921e-19 0.0653413)
(-0.0051546178 -0.0009088982 0.0653413)
(-0.0049184791 -0.00179018 0.0653413)
(-0.0045328948 -0.0026170681 0.0653413)
(-0.0040095809 -0.0033644378 0.0653413)
(-0.0033644378 -0.0040095809 0.0653413)
(-0.0026170681 -0.0045328948 0.0653413)
(-0.00179018 -0.0049184791 0.0653413)
(-0.0009088982 -0.0051546178 0.0653413)
(-9.9920072e-19 -0.0052341361 0.0653413)
(0.0009088982 -0.0051546178 0.0653413)
(0.00179018 -0.0049184791 0.0653413)
(0.0026170681 -0.0045328948 0.0653413)
(0.0033644378 -0.0040095809 0.0653413)
(0.0040095809 -0.0033644378 0.0653413)
(0.0045328948 -0.0026170681 0.0653413)
(0.0049184791 -0.00179018 0.0653413)
(0.0051546178 -0.0009088982 0.0653413)
(0.0037810632 0.00066670346 0.0653413)
(0.0036078485 0.0013131495 0.0653413)
(0.0033250112 0.0019196961 0.0653413)
(0.0029411451 0.0024679137 0.0653413)
(0.0024679137 0.0029411451 0.0653413)
(0.0019196961 0.0033250112 0.0653413)
(0.0013131495 0.0036078485 0.0653413)
(0.00066670346 0.0037810632 0.0653413)
(2.220446e-19 0.0038393922 0.0653413)
(-0.00066670346 0.0037810632 0.0653413)
(-0.0013131495 0.0036078485 0.0653413)
(-0.0019196961 0.0033250112 0.0653413)
(-0.0024679137 0.0029411451 0.0653413)
(-0.0029411451 0.0024679137 0.0653413)
(-0.0033250112 0.0019196961 0.0653413)
(-0.0036078485 0.0013131495 0.0653413)
(-0.0037810632 0.00066670346 0.0653413)
(-0.0038393922 5.5511151e-19 0.0653413)
(-0.0037810632 -0.00066670346 0.0653413)
(-0.0036078485 -0.0013131495 0.0653413)
(-0.0033250112 -0.0019196961 0.0653413)
(-0.0029411451 -0.0024679137 0.0653413)
(-0.0024679137 -0.0029411451 0.0653413)
(-0.0019196961 -0.0033250112 0.0653413)
(-0.0013131495 -0.0036078485 0.0653413)
(-0.00066670346 -0.0037810632 0.0653413)
(-9.9920072e-19 -0.0038393922 0.0653413)
(0.00066670346 -0.0037810632 0.0653413)
(0.0013131495 -0.0036078485 0.0653413)
(0.0019196961 -0.0033250112 0.0653413)
(0.0024679137 -0.0029411451 0.0653413)
(0.0029411451 -0.0024679137 0.0653413)
(0.0033250112 -0.0019196961 0.0653413)
(0.0036078485 -0.0013131495 0.0653413)
(0.0037810632 -0.00066670346 0.0653413)
(0.0020876809 0.00036811447 0.0653413)
(0.0019920419 0.00072504396 0.0653413)
(0.0018358758 0.0010599434 0.0653413)
(0.0016239274 0.0013626369 0.0653413)
(0.0013626369 0.0016239274 0.0653413)
(0.0010599434 0.0018358758 0.0653413)
(0.00072504396 0.0019920419 0.0653413)
(0.00036811447 0.0020876809 0.0653413)
(3.3306691e-19 0.0021198867 0.0653413)
(-0.00036811447 0.0020876809 0.0653413)
(-0.00072504396 0.0019920419 0.0653413)
(-0.0010599434 0.0018358758 0.0653413)
(-0.0013626369 0.0016239274 0.0653413)
(-0.0016239274 0.0013626369 0.0653413)
(-0.0018358758 0.0010599434 0.0653413)
(-0.0019920419 0.00072504396 0.0653413)
(-0.0020876809 0.00036811447 0.0653413)
(-0.0021198867 6.1062266e-19 0.0653413)
(-0.0020876809 -0.00036811447 0.0653413)
(-0.0019920419 -0.00072504396 0.0653413)
(-0.0018358758 -0.0010599434 0.0653413)
(-0.0016239274 -0.0013626369 0.0653413)
(-0.0013626369 -0.0016239274 0.0653413)
(-0.0010599434 -0.0018358758 0.0653413)
(-0.00072504396 -0.0019920419 0.0653413)
(-0.00036811447 -0.0020876809 0.0653413)
(-7.7715612e-19 -0.0021198867 0.0653413)
(0.00036811447 -0.0020876809 0.0653413)
(0.00072504396 -0.0019920419 0.0653413)
(0.0010599434 -0.0018358758 0.0653413)
(0.0013626369 -0.0016239274 0.0653413)
(0.0016239274 -0.0013626369 0.0653413)
(0.0018358758 -0.0010599434 0.0653413)
(0.0019920419 -0.00072504396 0.0653413)
(0.0020876809 -0.00036811447 0.0653413)
(0.0099482239 0.0017541403 0.068850325)
(0.0094924848 0.0034549819 0.068850325)
(0.0087483213 0.0050508457 0.068850325)
(0.0077383445 0.006493242 0.068850325)
(0.006493242 0.0077383445 0.068850325)
(0.0050508457 0.0087483213 0.068850325)
(0.0034549819 0.0094924848 0.068850325)
(0.0017541403 0.0099482239 0.068850325)
(6.6613381e-19 0.010101691 0.068850325)
(-0.0017541403 0.0099482239 0.068850325)
(-0.0034549819 0.0094924848 0.068850325)
(-0.0050508457 0.0087483213 0.068850325)
(-0.006493242 0.0077383445 0.068850325)
(-0.0077383445 0.006493242 0.068850325)
(-0.0087483213 0.0050508457 0.068850325)
(-0.0094924848 0.0034549819 0.068850325)
(-0.0099482239 0.0017541403 0.068850325)
(-0.010101691 6.6613381e-19 0.068850325)
(-0.0099482239 -0.0017541403 0.068850325)
(-0.0094924848 -0.0034549819 0.068850325)
(-0.0087483213 -0.0050508457 0.068850325)
(-0.0077383445 -0.006493242 0.068850325)
(-0.006493242 -0.0077383445 0.068850325)
(-0.0050508457 -0.0087483213 0.068850325)
(-0.0034549819 -0.0094924848 0.068850325)
(-0.0017541403 -0.0099482239 0.068850325)
(-1.3322676e-18 -0.010101691 0.068850325)
(0.0017541403 -0.0099482239 0.068850325)
(0.0034549819 -0.0094924848 0.068850325)
(0.0050508457 -0.0087483213 0.068850325)
(0.006493242 -0.0077383445 0.068850325)
(0.0077383445 -0.006493242 0.068850325)
(0.0087483213 -0.0050508457 0.068850325)
(0.0094924848 -0.0034549819 0.068850325)
(0.0099482239 -0.0017541403 0.068850325)
(0.0099482239 0.0017541403 0.06768065)
(0.0094924848 0.0034549819 0.06768065)
(0.0087483213 0.0050508457 0.06768065)
(0.0077383445 0.006493242 0.06768065)
(0.006493242 0.0077383445 0.06768065)
(0.0050508457 0.0087483213 0.06768065)
(0.0034549819 0.0094924848 0.06768065)
(0.0017541403 0.0099482239 0.06768065)
(6.6613381e-19 0.010101691 0.06768065)
(-0.0017541403 0.0099482239 0.06768065)
(-0.0034549819 0.0094924848 0.06768065)
(-0.0050508457 0.0087483213 0.06768065)
(-0.006493242 0.0077383445 0.06768065)
(-0.0077383445 0.006493242 0.06768065)
(-0.0087483213 0.0050508457 0.06768065)
(-0.0094924848 0.0034549819 0.06768065)
(-0.0099482239 0.0017541403 0.06768065)
(-0.010101691 6.6613381e-19 0.06768065)
(-0.0099482239 -0.0017541403 0.06768065)
(-0.0094924848 -0.0034549819 0.06768065)
(-0.0087483213 -0.0050508457 0.06768065)
(-0.0077383445 -0.006493242 0.06768065)
(-0.006493242 -0.0077383445 0.06768065)
(-0.0050508457 -0.0087483213 0.06768065)
(-0.0034549819 -0.0094924848 0.06768065)
(-0.0017541403 -0.0099482239 0.06768065)
(-1.3322676e-18 -0.010101691 0.06768065)
(0.0017541403 -0.0099482239 0.06768065)
(0.0034549819 -0.0094924848 0.06768065)
(0.0050508457 -0.0087483213 0.06768065)
(0.006493242 -0.0077383445 0.06768065)
(0.0077383445 -0.006493242 0.06768065)
(0.0087483213 -0.0050508457 0.06768065)
(0.0094924848 -0.0034549819 0.06768065)
(0.0099482239 -0.0017541403 0.06768065)
(0.0099482239 0.0017541403 0.066510975)
(0.0094924848 0.0034549819 0.066510975)
(0.0087483213 0.0050508457 0.066510975)
(0.0077383445 0.006493242 0.066510975)
(0.006493242 0.0077383445 0.066510975)
(0.0050508457 0.0087483213 0.066510975)
(0.0034549819 0.0094924848 0.066510975)
(0.0017541403 0.0099482239 0.066510975)
(6.6613381e-19 0.010101691 0.066510975)
(-0.0017541403 0.0099482239 0.066510975)
(-0.0034549819 0.0094924848 0.066510975)
(-0.0050508457 0.0087483213 0.066510975)
(-0.006493242 0.0077383445 0.066510975)
(-0.0077383445 0.006493242 0.066510975)
(-0.0087483213 0.0050508457 0.066510975)
(-0.0094924848 0.0034549819 0.066510975)
(-0.0099482239 0.0017541403 0.066510975)
(-0.010101691 6.6613381e-19 0.066510975)
(-0.0099482239 -0.0017541403 0.066510975)
(-0.0094924848 -0.0034549819 0.066510975)
(-0.0087483213 -0.0050508457 0.066510975)
(-0.0077383445 -0.006493242 0.066510975)
(-0.006493242 -0.0077383445 0.066510975)
(-0.0050508457 -0.0087483213 0.066510975)
(-0.0034549819 -0.0094924848 0.066510975)
(-0.0017541403 -0.0099482239 0.066510975)
(-1.3322676e-18 -0.010101691 0.066510975)
(0.0017541403 -0.0099482239 0.066510975)
(0.0034549819 -0.0094924848 0.066510975)
(0.0050508457 -0.0087483213 0.066510975)
(0.006493242 -0.0077383445 0.066510975)
(0.0077383445 -0.006493242 0.066510975)
(0.0087483213 -0.0050508457 0.066510975)
(0.0094924848 -0.0034549819 0.066510975)
(0.0099482239 -0.0017541403 0.066510975)
(0.0096908449 0.0017087574 0.068850325)
(0.0092468966 0.0033655951 0.068850325)
(0.008521986 0.0049201709 0.068850325)
(0.0075381391 0.0063252498 0.068850325)
(0.0063252498 0.0075381391 0.068850325)
(0.0049201709 0.008521986 0.068850325)
(0.0033655951 0.0092468966 0.068850325)
(0.0017087574 0.0096908449 0.068850325)
(-2.220446e-19 0.0098403418 0.068850325)
(-0.0017087574 0.0096908449 0.068850325)
(-0.0033655951 0.0092468966 0.068850325)
(-0.0049201709 0.008521986 0.068850325)
(-0.0063252498 0.0075381391 0.068850325)
(-0.0075381391 0.0063252498 0.068850325)
(-0.008521986 0.0049201709 0.068850325)
(-0.0092468966 0.0033655951 0.068850325)
(-0.0096908449 0.0017087574 0.068850325)
(-0.0098403418 6.6613381e-19 0.068850325)
(-0.0096908449 -0.0017087574 0.068850325)
(-0.0092468966 -0.0033655951 0.068850325)
(-0.008521986 -0.0049201709 0.068850325)
(-0.0075381391 -0.0063252498 0.068850325)
(-0.0063252498 -0.0075381391 0.068850325)
(-0.0049201709 -0.008521986 0.068850325)
(-0.0033655951 -0.0092468966 0.068850325)
(-0.0017087574 -0.0096908449 0.068850325)
(-8.8817842e-19 -0.0098403418 0.068850325)
(0.0017087574 -0.0096908449 0.068850325)
(0.0033655951 -0.0092468966 0.068850325)
(0.0049201709 -0.008521986 0.068850325)
(0.0063252498 -0.0075381391 0.068850325)
(0.0075381391 -0.0063252498 0.068850325)
(0.008521986 -0.0049201709 0.068850325)
(0.0092468966 -0.0033655951 0.068850325)
(0.0096908449 -0.0017087574 0.068850325)
(0.0096908449 0.0017087574 0.06768065)
(0.0092468966 0.0033655951 0.06768065)
(0.008521986 0.0049201709 0.06768065)
(0.0075381391 0.0063252498 0.06768065)
(0.0063252498 0.0075381391 0.06768065)
(0.0049201709 0.008521986 0.06768065)
(0.0033655951 0.0092468966 0.06768065)
(0.0017087574 0.0096908449 0.06768065)
(-2.220446e-19 0.0098403418 0.06768065)
(-0.0017087574 0.0096908449 0.06768065)
(-0.0033655951 0.0092468966 0.06768065)
(-0.0049201709 0.008521986 0.06768065)
(-0.0063252498 0.0075381391 0.06768065)
(-0.0075381391 0.0063252498 0.06768065)
(-0.008521986 0.0049201709 0.06768065)
(-0.0092468966 0.0033655951 0.06768065)
(-0.0096908449 0.0017087574 0.06768065)
(-0.0098403418 6.6613381e-19 0.06768065)
(-0.0096908449 -0.0017087574 0.06768065)
(-0.0092468966 -0.0033655951 0.06768065)
(-0.008521986 -0.0049201709 0.06768065)
(-0.0075381391 -0.0063252498 0.06768065)
(-0.0063252498 -0.0075381391 0.06768065)
(-0.0049201709 -0.008521986 0.06768065)
(-0.0033655951 -0.0092468966 0.06768065)
(-0.0017087574 -0.0096908449 0.06768065)
(-8.8817842e-19 -0.0098403418 0.06768065)
(0.0017087574 -0.0096908449 0.06768065)
(0.0033655951 -0.0092468966 0.06768065)
(0.0049201709 -0.008521986 0.06768065)
(0.0063252498 -0.0075381391 0.06768065)
(0.0075381391 -0.0063252498 0.06768065)
(0.008521986 -0.0049201709 0.06768065)
(0.0092468966 -0.0033655951 0.06768065)
(0.0096908449 -0.0017087574 0.06768065)
(0.0096908449 0.0017087574 0.066510975)
(0.0092468966 0.0033655951 0.066510975)
(0.008521986 0.0049201709 0.066510975)
(0.0075381391 0.0063252498 0.066510975)
(0.0063252498 0.0075381391 0.066510975)
(0.0049201709 0.008521986 0.066510975)
(0.0033655951 0.0092468966 0.066510975)
(0.0017087574 0.0096908449 0.066510975)
(-2.220446e-19 0.0098403418 0.066510975)
(-0.0017087574 0.0096908449 0.066510975)
(-0.0033655951 0.0092468966 0.066510975)
(-0.0049201709 0.008521986 0.066510975)
(-0.0063252498 0.0075381391 0.066510975)
(-0.0075381391 0.0063252498 0.066510975)
(-0.008521986 0.0049201709 0.066510975)
(-0.0092468966 0.0033655951 0.066510975)
(-0.0096908449 0.0017087574 0.066510975)
(-0.0098403418 6.6613381e-19 0.066510975)
(-0.0096908449 -0.0017087574 0.066510975)
(-0.0092468966 -0.0033655951 0.066510975)
(-0.008521986 -0.0049201709 0.066510975)
(-0.0075381391 -0.0063252498 0.066510975)
(-0.0063252498 -0.0075381391 0.066510975)
(-0.0049201709 -0.008521986 0.066510975)
(-0.0033655951 -0.0092468966 0.066510975)
(-0.0017087574 -0.0096908449 0.066510975)
(-8.8817842e-19 -0.0098403418 0.066510975)
(0.0017087574 -0.0096908449 0.066510975)
(0.0033655951 -0.0092468966 0.066510975)
(0.0049201709 -0.008521986 0.066510975)
(0.0063252498 -0.0075381391 0.066510975)
(0.0075381391 -0.0063252498 0.066510975)
(0.008521986 -0.0049201709 0.066510975)
(0.0092468966 -0.0033655951 0.066510975)
(0.0096908449 -0.0017087574 0.066510975)
(0.009373536 0.0016528073 0.068850325)
(0.0089441239 0.0032553949 0.068850325)
(0.0082429492 0.0047590689 0.068850325)
(0.0072913166 0.0061181411 0.068850325)
(0.0061181411 0.0072913166 0.068850325)
(0.0047590689 0.0082429492 0.068850325)
(0.0032553949 0.0089441239 0.068850325)
(0.0016528073 0.009373536 0.068850325)
(8.8817842e-19 0.0095181379 0.068850325)
(-0.0016528073 0.009373536 0.068850325)
(-0.0032553949 0.0089441239 0.068850325)
(-0.0047590689 0.0082429492 0.068850325)
(-0.0061181411 0.0072913166 0.068850325)
(-0.0072913166 0.0061181411 0.068850325)
(-0.0082429492 0.0047590689 0.068850325)
(-0.0089441239 0.0032553949 0.068850325)
(-0.009373536 0.0016528073 0.068850325)
(-0.0095181379 2.4424907e-18 0.068850325)
(-0.009373536 -0.0016528073 0.068850325)
(-0.0089441239 -0.0032553949 0.068850325)
(-0.0082429492 -0.0047590689 0.068850325)
(-0.0072913166 -0.0061181411 0.068850325)
(-0.0061181411 -0.0072913166 0.068850325)
(-0.0047590689 -0.0082429492 0.068850325)
(-0.0032553949 -0.0089441239 0.068850325)
(-0.0016528073 -0.009373536 0.068850325)
(-4.4408921e-18 -0.0095181379 0.068850325)
(0.0016528073 -0.009373536 0.068850325)
(0.0032553949 -0.0089441239 0.068850325)
(0.0047590689 -0.0082429492 0.068850325)
(0.0061181411 -0.0072913166 0.068850325)
(0.0072913166 -0.0061181411 0.068850325)
(0.0082429492 -0.0047590689 0.068850325)
(0.0089441239 -0.0032553949 0.068850325)
(0.009373536 -0.0016528073 0.068850325)
(0.009373536 0.0016528073 0.06768065)
(0.0089441239 0.0032553949 0.06768065)
(0.0082429492 0.0047590689 0.06768065)
(0.0072913166 0.0061181411 0.06768065)
(0.0061181411 0.0072913166 0.06768065)
(0.0047590689 0.0082429492 0.06768065)
(0.0032553949 0.0089441239 0.06768065)
(0.0016528073 0.009373536 0.06768065)
(8.8817842e-19 0.0095181379 0.06768065)
(-0.0016528073 0.009373536 0.06768065)
(-0.0032553949 0.0089441239 0.06768065)
(-0.0047590689 0.0082429492 0.06768065)
(-0.0061181411 0.0072913166 0.06768065)
(-0.0072913166 0.0061181411 0.06768065)
(-0.0082429492 0.0047590689 0.06768065)
(-0.0089441239 0.0032553949 0.06768065)
(-0.009373536 0.0016528073 0.06768065)
(-0.0095181379 2.4424907e-18 0.06768065)
(-0.009373536 -0.0016528073 0.06768065)
(-0.0089441239 -0.0032553949 0.06768065)
(-0.0082429492 -0.0047590689 0.06768065)
(-0.0072913166 -0.0061181411 0.06768065)
(-0.0061181411 -0.0072913166 0.06768065)
(-0.0047590689 -0.0082429492 0.06768065)
(-0.0032553949 -0.0089441239 0.06768065)
(-0.0016528073 -0.009373536 0.06768065)
(-4.4408921e-18 -0.0095181379 0.06768065)
(0.0016528073 -0.009373536 0.06768065)
(0.0032553949 -0.0089441239 0.06768065)
(0.0047590689 -0.0082429492 0.06768065)
(0.0061181411 -0.0072913166 0.06768065)
(0.0072913166 -0.0061181411 0.06768065)
(0.0082429492 -0.0047590689 0.06768065)
(0.0089441239 -0.0032553949 0.06768065)
(0.009373536 -0.0016528073 0.06768065)
(0.009373536 0.0016528073 0.066510975)
(0.0089441239 0.0032553949 0.066510975)
(0.0082429492 0.0047590689 0.066510975)
(0.0072913166 0.0061181411 0.066510975)
(0.0061181411 0.0072913166 0.066510975)
(0.0047590689 0.0082429492 0.066510975)
(0.0032553949 0.0089441239 0.066510975)
(0.0016528073 0.009373536 0.066510975)
(8.8817842e-19 0.0095181379 0.066510975)
(-0.0016528073 0.009373536 0.066510975)
(-0.0032553949 0.0089441239 0.066510975)
(-0.0047590689 0.0082429492 0.066510975)
(-0.0061181411 0.0072913166 0.066510975)
(-0.0072913166 0.0061181411 0.066510975)
(-0.0082429492 0.0047590689 0.066510975)
(-0.0089441239 0.0032553949 0.066510975)
(-0.009373536 0.0016528073 0.066510975)
(-0.0095181379 2.4424907e-18 0.066510975)
(-0.009373536 -0.0016528073 0.066510975)
(-0.0089441239 -0.0032553949 0.066510975)
(-0.0082429492 -0.0047590689 0.066510975)
(-0.0072913166 -0.0061181411 0.066510975)
(-0.0061181411 -0.0072913166 0.066510975)
(-0.0047590689 -0.0082429492 0.066510975)
(-0.0032553949 -0.0089441239 0.066510975)
(-0.0016528073 -0.009373536 0.066510975)
(-4.4408921e-18 -0.0095181379 0.066510975)
(0.0016528073 -0.009373536 0.066510975)
(0.0032553949 -0.0089441239 0.066510975)
(0.0047590689 -0.0082429492 0.066510975)
(0.0061181411 -0.0072913166 0.066510975)
(0.0072913166 -0.0061181411 0.066510975)
(0.0082429492 -0.0047590689 0.066510975)
(0.0089441239 -0.0032553949 0.066510975)
(0.009373536 -0.0016528073 0.066510975)
(0.0089823427 0.0015838294 0.068850325)
(0.0085708516 0.0031195349 0.068850325)
(0.0078989396 0.0045604549 0.068850325)
(0.0069870223 0.0058628078 0.068850325)
(0.0058628078 0.0069870223 0.068850325)
(0.0045604549 0.0078989396 0.068850325)
(0.0031195349 0.0085708516 0.068850325)
(0.0015838294 0.0089823427 0.068850325)
(8.8817842e-19 0.0091209098 0.068850325)
(-0.0015838294 0.0089823427 0.068850325)
(-0.0031195349 0.0085708516 0.068850325)
(-0.0045604549 0.0078989396 0.068850325)
(-0.0058628078 0.0069870223 0.068850325)
(-0.0069870223 0.0058628078 0.068850325)
(-0.0078989396 0.0045604549 0.068850325)
(-0.0085708516 0.0031195349 0.068850325)
(-0.0089823427 0.0015838294 0.068850325)
(-0.0091209098 1.7763568e-18 0.068850325)
(-0.0089823427 -0.0015838294 0.068850325)
(-0.0085708516 -0.0031195349 0.068850325)
(-0.0078989396 -0.0045604549 0.068850325)
(-0.0069870223 -0.0058628078 0.068850325)
(-0.0058628078 -0.0069870223 0.068850325)
(-0.0045604549 -0.0078989396 0.068850325)
(-0.0031195349 -0.0085708516 0.068850325)
(-0.0015838294 -0.0089823427 0.068850325)
(-2.4424907e-18 -0.0091209098 0.068850325)
(0.0015838294 -0.0089823427 0.068850325)
(0.0031195349 -0.0085708516 0.068850325)
(0.0045604549 -0.0078989396 0.068850325)
(0.0058628078 -0.0069870223 0.068850325)
(0.0069870223 -0.0058628078 0.068850325)
(0.0078989396 -0.0045604549 0.068850325)
(0.0085708516 -0.0031195349 0.068850325)
(0.0089823427 -0.0015838294 0.068850325)
(0.0089823427 0.0015838294 0.06768065)
(0.0085708516 0.0031195349 0.06768065)
(0.0078989396 0.0045604549 0.06768065)
(0.0069870223 0.0058628078 0.06768065)
(0.0058628078 0.0069870223 0.06768065)
(0.0045604549 0.0078989396 0.06768065)
(0.0031195349 0.0085708516 0.06768065)
(0.0015838294 0.0089823427 0.06768065)
(8.8817842e-19 0.0091209098 0.06768065)
(-0.0015838294 0.0089823427 0.06768065)
(-0.0031195349 0.0085708516 0.06768065)
(-0.0045604549 0.0078989396 0.06768065)
(-0.0058628078 0.0069870223 0.06768065)
(-0.0069870223 0.0058628078 0.06768065)
(-0.0078989396 0.0045604549 0.06768065)
(-0.0085708516 0.0031195349 0.06768065)
(-0.0089823427 0.0015838294 0.06768065)
(-0.0091209098 1.7763568e-18 0.06768065)
(-0.0089823427 -0.0015838294 0.06768065)
(-0.0085708516 -0.0031195349 0.06768065)
(-0.0078989396 -0.0045604549 0.06768065)
(-0.0069870223 -0.0058628078 0.06768065)
(-0.0058628078 -0.0069870223 0.06768065)
(-0.0045604549 -0.0078989396 0.06768065)
(-0.0031195349 -0.0085708516 0.06768065)
(-0.0015838294 -0.0089823427 0.06768065)
(-2.4424907e-18 -0.0091209098 0.06768065)
(0.0015838294 -0.0089823427 0.06768065)
(0.0031195349 -0.0085708516 0.06768065)
(0.0045604549 -0.0078989396 0.06768065)
(0.0058628078 -0.0069870223 0.06768065)
(0.0069870223 -0.0058628078 0.06768065)
(0.0078989396 -0.0045604549 0.06768065)
(0.0085708516 -0.0031195349 0.06768065)
(0.0089823427 -0.0015838294 0.06768065)
(0.0089823427 0.0015838294 0.066510975)
(0.0085708516 0.0031195349 0.066510975)
(0.0078989396 0.0045604549 0.066510975)
(0.0069870223 0.0058628078 0.066510975)
(0.0058628078 0.0069870223 0.066510975)
(0.0045604549 0.0078989396 0.066510975)
(0.0031195349 0.0085708516 0.066510975)
(0.0015838294 0.0089823427 0.066510975)
(8.8817842e-19 0.0091209098 0.066510975)
(-0.0015838294 0.0089823427 0.066510975)
(-0.0031195349 0.0085708516 0.066510975)
(-0.0045604549 0.0078989396 0.066510975)
(-0.0058628078 0.0069870223 0.066510975)
(-0.0069870223 0.0058628078 0.066510975)
(-0.0078989396 0.0045604549 0.066510975)
(-0.0085708516 0.0031195349 0.066510975)
(-0.0089823427 0.0015838294 0.066510975)
(-0.0091209098 1.7763568e-18 0.066510975)
(-0.0089823427 -0.0015838294 0.066510975)
(-0.0085708516 -0.0031195349 0.066510975)
(-0.0078989396 -0.0045604549 0.066510975)
(-0.0069870223 -0.0058628078 0.066510975)
(-0.0058628078 -0.0069870223 0.066510975)
(-0.0045604549 -0.0078989396 0.066510975)
(-0.0031195349 -0.0085708516 0.066510975)
(-0.0015838294 -0.0089823427 0.066510975)
(-2.4424907e-18 -0.0091209098 0.066510975)
(0.0015838294 -0.0089823427 0.066510975)
(0.0031195349 -0.0085708516 0.066510975)
(0.0045604549 -0.0078989396 0.066510975)
(0.0058628078 -0.0069870223 0.066510975)
(0.0069870223 -0.0058628078 0.066510975)
(0.0078989396 -0.0045604549 0.066510975)
(0.0085708516 -0.0031195349 0.066510975)
(0.0089823427 -0.0015838294 0.066510975)
(0.0085000613 0.0014987901 0.068850325)
(0.0081106641 0.0029520403 0.068850325)
(0.0074748285 0.0043155942 0.068850325)
(0.006611874 0.005548021 0.068850325)
(0.005548021 0.006611874 0.068850325)
(0.0043155942 0.0074748285 0.068850325)
(0.0029520403 0.0081106641 0.068850325)
(0.0014987901 0.0085000613 0.068850325)
(8.8817842e-19 0.0086311885 0.068850325)
(-0.0014987901 0.0085000613 0.068850325)
(-0.0029520403 0.0081106641 0.068850325)
(-0.0043155942 0.0074748285 0.068850325)
(-0.005548021 0.006611874 0.068850325)
(-0.006611874 0.005548021 0.068850325)
(-0.0074748285 0.0043155942 0.068850325)
(-0.0081106641 0.0029520403 0.068850325)
(-0.0085000613 0.0014987901 0.068850325)
(-0.0086311885 1.7763568e-18 0.068850325)
(-0.0085000613 -0.0014987901 0.068850325)
(-0.0081106641 -0.0029520403 0.068850325)
(-0.0074748285 -0.0043155942 0.068850325)
(-0.006611874 -0.005548021 0.068850325)
(-0.005548021 -0.006611874 0.068850325)
(-0.0043155942 -0.0074748285 0.068850325)
(-0.0029520403 -0.0081106641 0.068850325)
(-0.0014987901 -0.0085000613 0.068850325)
(-2.220446e-18 -0.0086311885 0.068850325)
(0.0014987901 -0.0085000613 0.068850325)
(0.0029520403 -0.0081106641 0.068850325)
(0.0043155942 -0.0074748285 0.068850325)
(0.005548021 -0.006611874 0.068850325)
(0.006611874 -0.005548021 0.068850325)
(0.0074748285 -0.0043155942 0.068850325)
(0.0081106641 -0.0029520403 0.068850325)
(0.0085000613 -0.0014987901 0.068850325)
(0.0085000613 0.0014987901 0.06768065)
(0.0081106641 0.0029520403 0.06768065)
(0.0074748285 0.0043155942 0.06768065)
(0.006611874 0.005548021 0.06768065)
(0.005548021 0.006611874 0.06768065)
(0.0043155942 0.0074748285 0.06768065)
(0.0029520403 0.0081106641 0.06768065)
(0.0014987901 0.0085000613 0.06768065)
(8.8817842e-19 0.0086311885 0.06768065)
(-0.0014987901 0.0085000613 0.06768065)
(-0.0029520403 0.0081106641 0.06768065)
(-0.0043155942 0.0074748285 0.06768065)
(-0.005548021 0.006611874 0.06768065)
(-0.006611874 0.005548021 0.06768065)
(-0.0074748285 0.0043155942 0.06768065)
(-0.0081106641 0.0029520403 0.06768065)
(-0.0085000613 0.0014987901 0.06768065)
(-0.0086311885 1.7763568e-18 0.06768065)
(-0.0085000613 -0.0014987901 0.06768065)
(-0.0081106641 -0.0029520403 0.06768065)
(-0.0074748285 -0.0043155942 0.06768065)
(-0.006611874 -0.005548021 0.06768065)
(-0.005548021 -0.006611874 0.06768065)
(-0.0043155942 -0.0074748285 0.06768065)
(-0.0029520403 -0.0081106641 0.06768065)
(-0.0014987901 -0.0085000613 0.06768065)
(-2.220446e-18 -0.0086311885 0.06768065)
(0.0014987901 -0.0085000613 0.06768065)
(0.0029520403 -0.0081106641 0.06768065)
(0.0043155942 -0.0074748285 0.06768065)
(0.005548021 -0.006611874 0.06768065)
(0.006611874 -0.005548021 0.06768065)
(0.0074748285 -0.0043155942 0.06768065)
(0.0081106641 -0.0029520403 0.06768065)
(0.0085000613 -0.0014987901 0.06768065)
(0.0085000613 0.0014987901 0.066510975)
(0.0081106641 0.0029520403 0.066510975)
(0.0074748285 0.0043155942 0.066510975)
(0.006611874 0.005548021 0.066510975)
(0.005548021 0.006611874 0.066510975)
(0.0043155942 0.0074748285 0.066510975)
(0.0029520403 0.0081106641 0.066510975)
(0.0014987901 0.0085000613 0.066510975)
(8.8817842e-19 0.0086311885 0.066510975)
(-0.0014987901 0.0085000613 0.066510975)
(-0.0029520403 0.0081106641 0.066510975)
(-0.0043155942 0.0074748285 0.066510975)
(-0.005548021 0.006611874 0.066510975)
(-0.006611874 0.005548021 0.066510975)
(-0.0074748285 0.0043155942 0.066510975)
(-0.0081106641 0.0029520403 0.066510975)
(-0.0085000613 0.0014987901 0.066510975)
(-0.0086311885 1.7763568e-18 0.066510975)
(-0.0085000613 -0.0014987901 0.066510975)
(-0.0081106641 -0.0029520403 0.066510975)
(-0.0074748285 -0.0043155942 0.066510975)
(-0.006611874 -0.005548021 0.066510975)
(-0.005548021 -0.006611874 0.066510975)
(-0.0043155942 -0.0074748285 0.066510975)
(-0.0029520403 -0.0081106641 0.066510975)
(-0.0014987901 -0.0085000613 0.066510975)
(-2.220446e-18 -0.0086311885 0.066510975)
(0.0014987901 -0.0085000613 0.066510975)
(0.0029520403 -0.0081106641 0.066510975)
(0.0043155942 -0.0074748285 0.066510975)
(0.005548021 -0.006611874 0.066510975)
(0.006611874 -0.005548021 0.066510975)
(0.0074748285 -0.0043155942 0.066510975)
(0.0081106641 -0.0029520403 0.066510975)
(0.0085000613 -0.0014987901 0.066510975)
(0.0079054823 0.0013939498 0.068850325)
(0.0075433234 0.0027455452 0.068850325)
(0.0069519645 0.0040137186 0.068850325)
(0.0061493736 0.0051599371 0.068850325)
(0.0051599371 0.0061493736 0.068850325)
(0.0040137186 0.0069519645 0.068850325)
(0.0027455452 0.0075433234 0.068850325)
(0.0013939498 0.0079054823 0.068850325)
(4.4408921e-19 0.0080274371 0.068850325)
(-0.0013939498 0.0079054823 0.068850325)
(-0.0027455452 0.0075433234 0.068850325)
(-0.0040137186 0.0069519645 0.068850325)
(-0.0051599371 0.0061493736 0.068850325)
(-0.0061493736 0.0051599371 0.068850325)
(-0.0069519645 0.0040137186 0.068850325)
(-0.0075433234 0.0027455452 0.068850325)
(-0.0079054823 0.0013939498 0.068850325)
(-0.0080274371 -4.4408921e-19 0.068850325)
(-0.0079054823 -0.0013939498 0.068850325)
(-0.0075433234 -0.0027455452 0.068850325)
(-0.0069519645 -0.0040137186 0.068850325)
(-0.0061493736 -0.0051599371 0.068850325)
(-0.0051599371 -0.0061493736 0.068850325)
(-0.0040137186 -0.0069519645 0.068850325)
(-0.0027455452 -0.0075433234 0.068850325)
(-0.0013939498 -0.0079054823 0.068850325)
(-2.220446e-19 -0.0080274371 0.068850325)
(0.0013939498 -0.0079054823 0.068850325)
(0.0027455452 -0.0075433234 0.068850325)
(0.0040137186 -0.0069519645 0.068850325)
(0.0051599371 -0.0061493736 0.068850325)
(0.0061493736 -0.0051599371 0.068850325)
(0.0069519645 -0.0040137186 0.068850325)
(0.0075433234 -0.0027455452 0.068850325)
(0.0079054823 -0.0013939498 0.068850325)
(0.0079054823 0.0013939498 0.06768065)
(0.0075433234 0.0027455452 0.06768065)
(0.0069519645 0.0040137186 0.06768065)
(0.0061493736 0.0051599371 0.06768065)
(0.0051599371 0.0061493736 0.06768065)
(0.0040137186 0.0069519645 0.06768065)
(0.0027455452 0.0075433234 0.06768065)
(0.0013939498 0.0079054823 0.06768065)
(4.4408921e-19 0.0080274371 0.06768065)
(-0.0013939498 0.0079054823 0.06768065)
(-0.0027455452 0.0075433234 0.06768065)
(-0.0040137186 0.0069519645 0.06768065)
(-0.0051599371 0.0061493736 0.06768065)
(-0.0061493736 0.0051599371 0.06768065)
(-0.0069519645 0.0040137186 0.06768065)
(-0.0075433234 0.0027455452 0.06768065)
(-0.0079054823 0.0013939498 0.06768065)
(-0.0080274371 -4.4408921e-19 0.06768065)
(-0.0079054823 -0.0013939498 0.06768065)
(-0.0075433234 -0.0027455452 0.06768065)
(-0.0069519645 -0.0040137186 0.06768065)
(-0.0061493736 -0.0051599371 0.06768065)
(-0.0051599371 -0.0061493736 0.06768065)
(-0.0040137186 -0.0069519645 0.06768065)
(-0.0027455452 -0.0075433234 0.06768065)
(-0.0013939498 -0.0079054823 0.06768065)
(-2.220446e-19 -0.0080274371 0.06768065)
(0.0013939498 -0.0079054823 0.06768065)
(0.0027455452 -0.0075433234 0.06768065)
(0.0040137186 -0.0069519645 0.06768065)
(0.0051599371 -0.0061493736 0.06768065)
(0.0061493736 -0.0051599371 0.06768065)
(0.0069519645 -0.0040137186 0.06768065)
(0.0075433234 -0.0027455452 0.06768065)
(0.0079054823 -0.0013939498 0.06768065)
(0.0079054823 0.0013939498 0.066510975)
(0.0075433234 0.0027455452 0.066510975)
(0.0069519645 0.0040137186 0.066510975)
(0.0061493736 0.0051599371 0.066510975)
(0.0051599371 0.0061493736 0.066510975)
(0.0040137186 0.0069519645 0.066510975)
(0.0027455452 0.0075433234 0.066510975)
(0.0013939498 0.0079054823 0.066510975)
(4.4408921e-19 0.0080274371 0.066510975)
(-0.0013939498 0.0079054823 0.066510975)
(-0.0027455452 0.0075433234 0.066510975)
(-0.0040137186 0.0069519645 0.066510975)
(-0.0051599371 0.0061493736 0.066510975)
(-0.0061493736 0.0051599371 0.066510975)
(-0.0069519645 0.0040137186 0.066510975)
(-0.0075433234 0.0027455452 0.066510975)
(-0.0079054823 0.0013939498 0.066510975)
(-0.0080274371 -4.4408921e-19 0.066510975)
(-0.0079054823 -0.0013939498 0.066510975)
(-0.0075433234 -0.0027455452 0.066510975)
(-0.0069519645 -0.0040137186 0.066510975)
(-0.0061493736 -0.0051599371 0.066510975)
(-0.0051599371 -0.0061493736 0.066510975)
(-0.0040137186 -0.0069519645 0.066510975)
(-0.0027455452 -0.0075433234 0.066510975)
(-0.0013939498 -0.0079054823 0.066510975)
(-2.220446e-19 -0.0080274371 0.066510975)
(0.0013939498 -0.0079054823 0.066510975)
(0.0027455452 -0.0075433234 0.066510975)
(0.0040137186 -0.0069519645 0.066510975)
(0.0051599371 -0.0061493736 0.066510975)
(0.0061493736 -0.0051599371 0.066510975)
(0.0069519645 -0.0040137186 0.066510975)
(0.0075433234 -0.0027455452 0.066510975)
(0.0079054823 -0.0013939498 0.066510975)
(0.0071724575 0.0012646978 0.068850325)
(0.0068438793 0.0024909684 0.068850325)
(0.0063073533 0.0036415521 0.068850325)
(0.0055791815 0.0046814892 0.068850325)
(0.0046814892 0.0055791815 0.068850325)
(0.0036415521 0.0063073533 0.068850325)
(0.0024909684 0.0068438793 0.068850325)
(0.0012646978 0.0071724575 0.068850325)
(2.220446e-19 0.0072831042 0.068850325)
(-0.0012646978 0.0071724575 0.068850325)
(-0.0024909684 0.0068438793 0.068850325)
(-0.0036415521 0.0063073533 0.068850325)
(-0.0046814892 0.0055791815 0.068850325)
(-0.0055791815 0.0046814892 0.068850325)
(-0.0063073533 0.0036415521 0.068850325)
(-0.0068438793 0.0024909684 0.068850325)
(-0.0071724575 0.0012646978 0.068850325)
(-0.0072831042 8.8817842e-19 0.068850325)
(-0.0071724575 -0.0012646978 0.068850325)
(-0.0068438793 -0.0024909684 0.068850325)
(-0.0063073533 -0.0036415521 0.068850325)
(-0.0055791815 -0.0046814892 0.068850325)
(-0.0046814892 -0.0055791815 0.068850325)
(-0.0036415521 -0.0063073533 0.068850325)
(-0.0024909684 -0.0068438793 0.068850325)
(-0.0012646978 -0.0071724575 0.068850325)
(-1.5543122e-18 -0.0072831042 0.068850325)
(0.0012646978 -0.0071724575 0.068850325)
(0.0024909684 -0.0068438793 0.068850325)
(0.0036415521 -0.0063073533 0.068850325)
(0.0046814892 -0.0055791815 0.068850325)
(0.0055791815 -0.0046814892 0.068850325)
(0.0063073533 -0.0036415521 0.068850325)
(0.0068438793 -0.0024909684 0.068850325)
(0.0071724575 -0.0012646978 0.068850325)
(0.0071724575 0.0012646978 0.06768065)
(0.0068438793 0.0024909684 0.06768065)
(0.0063073533 0.0036415521 0.06768065)
(0.0055791815 0.0046814892 0.06768065)
(0.0046814892 0.0055791815 0.06768065)
(0.0036415521 0.0063073533 0.06768065)
(0.0024909684 0.0068438793 0.06768065)
(0.0012646978 0.0071724575 0.06768065)
(2.220446e-19 0.0072831042 0.06768065)
(-0.0012646978 0.0071724575 0.06768065)
(-0.0024909684 0.0068438793 0.06768065)
(-0.0036415521 0.0063073533 0.06768065)
(-0.0046814892 0.0055791815 0.06768065)
(-0.0055791815 0.0046814892 0.06768065)
(-0.0063073533 0.0036415521 0.06768065)
(-0.0068438793 0.0024909684 0.06768065)
(-0.0071724575 0.0012646978 0.06768065)
(-0.0072831042 1.5543122e-18 0.06768065)
(-0.0071724575 -0.0012646978 0.06768065)
(-0.0068438793 -0.0024909684 0.06768065)
(-0.0063073533 -0.0036415521 0.06768065)
(-0.0055791815 -0.0046814892 0.06768065)
(-0.0046814892 -0.0055791815 0.06768065)
(-0.0036415521 -0.0063073533 0.06768065)
(-0.0024909684 -0.0068438793 0.06768065)
(-0.0012646978 -0.0071724575 0.06768065)
(-2.4424907e-18 -0.0072831042 0.06768065)
(0.0012646978 -0.0071724575 0.06768065)
(0.0024909684 -0.0068438793 0.06768065)
(0.0036415521 -0.0063073533 0.06768065)
(0.0046814892 -0.0055791815 0.06768065)
(0.0055791815 -0.0046814892 0.06768065)
(0.0063073533 -0.0036415521 0.06768065)
(0.0068438793 -0.0024909684 0.06768065)
(0.0071724575 -0.0012646978 0.06768065)
(0.0071724575 0.0012646978 0.066510975)
(0.0068438793 0.0024909684 0.066510975)
(0.0063073533 0.0036415521 0.066510975)
(0.0055791815 0.0046814892 0.066510975)
(0.0046814892 0.0055791815 0.066510975)
(0.0036415521 0.0063073533 0.066510975)
(0.0024909684 0.0068438793 0.066510975)
(0.0012646978 0.0071724575 0.066510975)
(2.220446e-19 0.0072831042 0.066510975)
(-0.0012646978 0.0071724575 0.066510975)
(-0.0024909684 0.0068438793 0.066510975)
(-0.0036415521 0.0063073533 0.066510975)
(-0.0046814892 0.0055791815 0.066510975)
(-0.0055791815 0.0046814892 0.066510975)
(-0.0063073533 0.0036415521 0.066510975)
(-0.0068438793 0.0024909684 0.066510975)
(-0.0071724575 0.0012646978 0.066510975)
(-0.0072831042 8.8817842e-19 0.066510975)
(-0.0071724575 -0.0012646978 0.066510975)
(-0.0068438793 -0.0024909684 0.066510975)
(-0.0063073533 -0.0036415521 0.066510975)
(-0.0055791815 -0.0046814892 0.066510975)
(-0.0046814892 -0.0055791815 0.066510975)
(-0.0036415521 -0.0063073533 0.066510975)
(-0.0024909684 -0.0068438793 0.066510975)
(-0.0012646978 -0.0071724575 0.066510975)
(-1.5543122e-18 -0.0072831042 0.066510975)
(0.0012646978 -0.0071724575 0.066510975)
(0.0024909684 -0.0068438793 0.066510975)
(0.0036415521 -0.0063073533 0.066510975)
(0.0046814892 -0.0055791815 0.066510975)
(0.0055791815 -0.0046814892 0.066510975)
(0.0063073533 -0.0036415521 0.066510975)
(0.0068438793 -0.0024909684 0.066510975)
(0.0071724575 -0.0012646978 0.066510975)
(0.0062687503 0.0011053498 0.068850325)
(0.0059815719 0.0021771141 0.068850325)
(0.0055126465 0.0031827279 0.068850325)
(0.0048762221 0.0040916362 0.068850325)
(0.0040916362 0.0048762221 0.068850325)
(0.0031827279 0.0055126465 0.068850325)
(0.0021771141 0.0059815719 0.068850325)
(0.0011053498 0.0062687503 0.068850325)
(1.3322676e-18 0.0063654559 0.068850325)
(-0.0011053498 0.0062687503 0.068850325)
(-0.0021771141 0.0059815719 0.068850325)
(-0.0031827279 0.0055126465 0.068850325)
(-0.0040916362 0.0048762221 0.068850325)
(-0.0048762221 0.0040916362 0.068850325)
(-0.0055126465 0.0031827279 0.068850325)
(-0.0059815719 0.0021771141 0.068850325)
(-0.0062687503 0.0011053498 0.068850325)
(-0.0063654559 1.3322676e-18 0.068850325)
(-0.0062687503 -0.0011053498 0.068850325)
(-0.0059815719 -0.0021771141 0.068850325)
(-0.0055126465 -0.0031827279 0.068850325)
(-0.0048762221 -0.0040916362 0.068850325)
(-0.0040916362 -0.0048762221 0.068850325)
(-0.0031827279 -0.0055126465 0.068850325)
(-0.0021771141 -0.0059815719 0.068850325)
(-0.0011053498 -0.0062687503 0.068850325)
(-1.9984014e-18 -0.0063654559 0.068850325)
(0.0011053498 -0.0062687503 0.068850325)
(0.0021771141 -0.0059815719 0.068850325)
(0.0031827279 -0.0055126465 0.068850325)
(0.0040916362 -0.0048762221 0.068850325)
(0.0048762221 -0.0040916362 0.068850325)
(0.0055126465 -0.0031827279 0.068850325)
(0.0059815719 -0.0021771141 0.068850325)
(0.0062687503 -0.0011053498 0.068850325)
(0.0062687503 0.0011053498 0.06768065)
(0.0059815719 0.0021771141 0.06768065)
(0.0055126465 0.0031827279 0.06768065)
(0.0048762221 0.0040916362 0.06768065)
(0.0040916362 0.0048762221 0.06768065)
(0.0031827279 0.0055126465 0.06768065)
(0.0021771141 0.0059815719 0.06768065)
(0.0011053498 0.0062687503 0.06768065)
(1.3322676e-18 0.0063654559 0.06768065)
(-0.0011053498 0.0062687503 0.06768065)
(-0.0021771141 0.0059815719 0.06768065)
(-0.0031827279 0.0055126465 0.06768065)
(-0.0040916362 0.0048762221 0.06768065)
(-0.0048762221 0.0040916362 0.06768065)
(-0.0055126465 0.0031827279 0.06768065)
(-0.0059815719 0.0021771141 0.06768065)
(-0.0062687503 0.0011053498 0.06768065)
(-0.0063654559 1.3322676e-18 0.06768065)
(-0.0062687503 -0.0011053498 0.06768065)
(-0.0059815719 -0.0021771141 0.06768065)
(-0.0055126465 -0.0031827279 0.06768065)
(-0.0048762221 -0.0040916362 0.06768065)
(-0.0040916362 -0.0048762221 0.06768065)
(-0.0031827279 -0.0055126465 0.06768065)
(-0.0021771141 -0.0059815719 0.06768065)
(-0.0011053498 -0.0062687503 0.06768065)
(-1.9984014e-18 -0.0063654559 0.06768065)
(0.0011053498 -0.0062687503 0.06768065)
(0.0021771141 -0.0059815719 0.06768065)
(0.0031827279 -0.0055126465 0.06768065)
(0.0040916362 -0.0048762221 0.06768065)
(0.0048762221 -0.0040916362 0.06768065)
(0.0055126465 -0.0031827279 0.06768065)
(0.0059815719 -0.0021771141 0.06768065)
(0.0062687503 -0.0011053498 0.06768065)
(0.0062687503 0.0011053498 0.066510975)
(0.0059815719 0.0021771141 0.066510975)
(0.0055126465 0.0031827279 0.066510975)
(0.0048762221 0.0040916362 0.066510975)
(0.0040916362 0.0048762221 0.066510975)
(0.0031827279 0.0055126465 0.066510975)
(0.0021771141 0.0059815719 0.066510975)
(0.0011053498 0.0062687503 0.066510975)
(1.3322676e-18 0.0063654559 0.066510975)
(-0.0011053498 0.0062687503 0.066510975)
(-0.0021771141 0.0059815719 0.066510975)
(-0.0031827279 0.0055126465 0.066510975)
(-0.0040916362 0.0048762221 0.066510975)
(-0.0048762221 0.0040916362 0.066510975)
(-0.0055126465 0.0031827279 0.066510975)
(-0.0059815719 0.0021771141 0.066510975)
(-0.0062687503 0.0011053498 0.066510975)
(-0.0063654559 1.3322676e-18 0.066510975)
(-0.0062687503 -0.0011053498 0.066510975)
(-0.0059815719 -0.0021771141 0.066510975)
(-0.0055126465 -0.0031827279 0.066510975)
(-0.0048762221 -0.0040916362 0.066510975)
(-0.0040916362 -0.0048762221 0.066510975)
(-0.0031827279 -0.0055126465 0.066510975)
(-0.0021771141 -0.0059815719 0.066510975)
(-0.0011053498 -0.0062687503 0.066510975)
(-1.9984014e-18 -0.0063654559 0.066510975)
(0.0011053498 -0.0062687503 0.066510975)
(0.0021771141 -0.0059815719 0.066510975)
(0.0031827279 -0.0055126465 0.066510975)
(0.0040916362 -0.0048762221 0.066510975)
(0.0048762221 -0.0040916362 0.066510975)
(0.0055126465 -0.0031827279 0.066510975)
(0.0059815719 -0.0021771141 0.066510975)
(0.0062687503 -0.0011053498 0.066510975)
(0.0051546178 0.0009088982 0.068850325)
(0.0049184791 0.00179018 0.068850325)
(0.0045328948 0.0026170681 0.068850325)
(0.0040095809 0.0033644378 0.068850325)
(0.0033644378 0.0040095809 0.068850325)
(0.0026170681 0.0045328948 0.068850325)
(0.00179018 0.0049184791 0.068850325)
(0.0009088982 0.0051546178 0.068850325)
(-2.220446e-19 0.0052341361 0.068850325)
(-0.0009088982 0.0051546178 0.068850325)
(-0.00179018 0.0049184791 0.068850325)
(-0.0026170681 0.0045328948 0.068850325)
(-0.0033644378 0.0040095809 0.068850325)
(-0.0040095809 0.0033644378 0.068850325)
(-0.0045328948 0.0026170681 0.068850325)
(-0.0049184791 0.00179018 0.068850325)
(-0.0051546178 0.0009088982 0.068850325)
(-0.0052341361 1.110223e-19 0.068850325)
(-0.0051546178 -0.0009088982 0.068850325)
(-0.0049184791 -0.00179018 0.068850325)
(-0.0045328948 -0.0026170681 0.068850325)
(-0.0040095809 -0.0033644378 0.068850325)
(-0.0033644378 -0.0040095809 0.068850325)
(-0.0026170681 -0.0045328948 0.068850325)
(-0.00179018 -0.0049184791 0.068850325)
(-0.0009088982 -0.0051546178 0.068850325)
(-7.7715612e-19 -0.0052341361 0.068850325)
(0.0009088982 -0.0051546178 0.068850325)
(0.00179018 -0.0049184791 0.068850325)
(0.0026170681 -0.0045328948 0.068850325)
(0.0033644378 -0.0040095809 0.068850325)
(0.0040095809 -0.0033644378 0.068850325)
(0.0045328948 -0.0026170681 0.068850325)
(0.0049184791 -0.00179018 0.068850325)
(0.0051546178 -0.0009088982 0.068850325)
(0.0051546178 0.0009088982 0.06768065)
(0.0049184791 0.00179018 0.06768065)
(0.0045328948 0.0026170681 0.06768065)
(0.0040095809 0.0033644378 0.06768065)
(0.0033644378 0.0040095809 0.06768065)
(0.0026170681 0.0045328948 0.06768065)
(0.00179018 0.0049184791 0.06768065)
(0.0009088982 0.0051546178 0.06768065)
(-2.220446e-19 0.0052341361 0.06768065)
(-0.0009088982 0.0051546178 0.06768065)
(-0.00179018 0.0049184791 0.06768065)
(-0.0026170681 0.0045328948 0.06768065)
(-0.0033644378 0.0040095809 0.06768065)
(-0.0040095809 0.0033644378 0.06768065)
(-0.0045328948 0.0026170681 0.06768065)
(-0.0049184791 0.00179018 0.06768065)
(-0.0051546178 0.0009088982 0.06768065)
(-0.0052341361 1.110223e-19 0.06768065)
(-0.0051546178 -0.0009088982 0.06768065)
(-0.0049184791 -0.00179018 0.06768065)
(-0.0045328948 -0.0026170681 0.06768065)
(-0.0040095809 -0.0033644378 0.06768065)
(-0.0033644378 -0.0040095809 0.06768065)
(-0.0026170681 -0.0045328948 0.06768065)
(-0.00179018 -0.0049184791 0.06768065)
(-0.0009088982 -0.0051546178 0.06768065)
(-7.7715612e-19 -0.0052341361 0.06768065)
(0.0009088982 -0.0051546178 0.06768065)
(0.00179018 -0.0049184791 0.06768065)
(0.0026170681 -0.0045328948 0.06768065)
(0.0033644378 -0.0040095809 0.06768065)
(0.0040095809 -0.0033644378 0.06768065)
(0.0045328948 -0.0026170681 0.06768065)
(0.0049184791 -0.00179018 0.06768065)
(0.0051546178 -0.0009088982 0.06768065)
(0.0051546178 0.0009088982 0.066510975)
(0.0049184791 0.00179018 0.066510975)
(0.0045328948 0.0026170681 0.066510975)
(0.0040095809 0.0033644378 0.066510975)
(0.0033644378 0.0040095809 0.066510975)
(0.0026170681 0.0045328948 0.066510975)
(0.00179018 0.0049184791 0.066510975)
(0.0009088982 0.0051546178 0.066510975)
(-2.220446e-19 0.0052341361 0.066510975)
(-0.0009088982 0.0051546178 0.066510975)
(-0.00179018 0.0049184791 0.066510975)
(-0.0026170681 0.0045328948 0.066510975)
(-0.0033644378 0.0040095809 0.066510975)
(-0.0040095809 0.0033644378 0.066510975)
(-0.0045328948 0.0026170681 0.066510975)
(-0.0049184791 0.00179018 0.066510975)
(-0.0051546178 0.0009088982 0.066510975)
(-0.0052341361 1.110223e-19 0.066510975)
(-0.0051546178 -0.0009088982 0.066510975)
(-0.0049184791 -0.00179018 0.066510975)
(-0.0045328948 -0.0026170681 0.066510975)
(-0.0040095809 -0.0033644378 0.066510975)
(-0.0033644378 -0.0040095809 0.066510975)
(-0.0026170681 -0.0045328948 0.066510975)
(-0.00179018 -0.0049184791 0.066510975)
(-0.0009088982 -0.0051546178 0.066510975)
(-7.7715612e-19 -0.0052341361 0.066510975)
(0.0009088982 -0.0051546178 0.066510975)
(0.00179018 -0.0049184791 0.066510975)
(0.0026170681 -0.0045328948 0.066510975)
(0.0033644378 -0.0040095809 0.066510975)
(0.0040095809 -0.0033644378 0.066510975)
(0.0045328948 -0.0026170681 0.066510975)
(0.0049184791 -0.00179018 0.066510975)
(0.0051546178 -0.0009088982 0.066510975)
(0.0037810632 0.00066670346 0.068850325)
(0.0036078485 0.0013131495 0.068850325)
(0.0033250112 0.0019196961 0.068850325)
(0.0029411451 0.0024679137 0.068850325)
(0.0024679137 0.0029411451 0.068850325)
(0.0019196961 0.0033250112 0.068850325)
(0.0013131495 0.0036078485 0.068850325)
(0.00066670346 0.0037810632 0.068850325)
(7.7715612e-19 0.0038393922 0.068850325)
(-0.00066670346 0.0037810632 0.068850325)
(-0.0013131495 0.0036078485 0.068850325)
(-0.0019196961 0.0033250112 0.068850325)
(-0.0024679137 0.0029411451 0.068850325)
(-0.0029411451 0.0024679137 0.068850325)
(-0.0033250112 0.0019196961 0.068850325)
(-0.0036078485 0.0013131495 0.068850325)
(-0.0037810632 0.00066670346 0.068850325)
(-0.0038393922 9.9920072e-19 0.068850325)
(-0.0037810632 -0.00066670346 0.068850325)
(-0.0036078485 -0.0013131495 0.068850325)
(-0.0033250112 -0.0019196961 0.068850325)
(-0.0029411451 -0.0024679137 0.068850325)
(-0.0024679137 -0.0029411451 0.068850325)
(-0.0019196961 -0.0033250112 0.068850325)
(-0.0013131495 -0.0036078485 0.068850325)
(-0.00066670346 -0.0037810632 0.068850325)
(-9.9920072e-19 -0.0038393922 0.068850325)
(0.00066670346 -0.0037810632 0.068850325)
(0.0013131495 -0.0036078485 0.068850325)
(0.0019196961 -0.0033250112 0.068850325)
(0.0024679137 -0.0029411451 0.068850325)
(0.0029411451 -0.0024679137 0.068850325)
(0.0033250112 -0.0019196961 0.068850325)
(0.0036078485 -0.0013131495 0.068850325)
(0.0037810632 -0.00066670346 0.068850325)
(0.0037810632 0.00066670346 0.06768065)
(0.0036078485 0.0013131495 0.06768065)
(0.0033250112 0.0019196961 0.06768065)
(0.0029411451 0.0024679137 0.06768065)
(0.0024679137 0.0029411451 0.06768065)
(0.0019196961 0.0033250112 0.06768065)
(0.0013131495 0.0036078485 0.06768065)
(0.00066670346 0.0037810632 0.06768065)
(7.7715612e-19 0.0038393922 0.06768065)
(-0.00066670346 0.0037810632 0.06768065)
(-0.0013131495 0.0036078485 0.06768065)
(-0.0019196961 0.0033250112 0.06768065)
(-0.0024679137 0.0029411451 0.06768065)
(-0.0029411451 0.0024679137 0.06768065)
(-0.0033250112 0.0019196961 0.06768065)
(-0.0036078485 0.0013131495 0.06768065)
(-0.0037810632 0.00066670346 0.06768065)
(-0.0038393922 9.9920072e-19 0.06768065)
(-0.0037810632 -0.00066670346 0.06768065)
(-0.0036078485 -0.0013131495 0.06768065)
(-0.0033250112 -0.0019196961 0.06768065)
(-0.0029411451 -0.0024679137 0.06768065)
(-0.0024679137 -0.0029411451 0.06768065)
(-0.0019196961 -0.0033250112 0.06768065)
(-0.0013131495 -0.0036078485 0.06768065)
(-0.00066670346 -0.0037810632 0.06768065)
(-9.9920072e-19 -0.0038393922 0.06768065)
(0.00066670346 -0.0037810632 0.06768065)
(0.0013131495 -0.0036078485 0.06768065)
(0.0019196961 -0.0033250112 0.06768065)
(0.0024679137 -0.0029411451 0.06768065)
(0.0029411451 -0.0024679137 0.06768065)
(0.0033250112 -0.0019196961 0.06768065)
(0.0036078485 -0.0013131495 0.06768065)
(0.0037810632 -0.00066670346 0.06768065)
(0.0037810632 0.00066670346 0.066510975)
(0.0036078485 0.0013131495 0.066510975)
(0.0033250112 0.0019196961 0.066510975)
(0.0029411451 0.0024679137 0.066510975)
(0.0024679137 0.0029411451 0.066510975)
(0.0019196961 0.0033250112 0.066510975)
(0.0013131495 0.0036078485 0.066510975)
(0.00066670346 0.0037810632 0.066510975)
(7.7715612e-19 0.0038393922 0.066510975)
(-0.00066670346 0.0037810632 0.066510975)
(-0.0013131495 0.0036078485 0.066510975)
(-0.0019196961 0.0033250112 0.066510975)
(-0.0024679137 0.0029411451 0.066510975)
(-0.0029411451 0.0024679137 0.066510975)
(-0.0033250112 0.0019196961 0.066510975)
(-0.0036078485 0.0013131495 0.066510975)
(-0.0037810632 0.00066670346 0.066510975)
(-0.0038393922 9.9920072e-19 0.066510975)
(-0.0037810632 -0.00066670346 0.066510975)
(-0.0036078485 -0.0013131495 0.066510975)
(-0.0033250112 -0.0019196961 0.066510975)
(-0.0029411451 -0.0024679137 0.066510975)
(-0.0024679137 -0.0029411451 0.066510975)
(-0.0019196961 -0.0033250112 0.066510975)
(-0.0013131495 -0.0036078485 0.066510975)
(-0.00066670346 -0.0037810632 0.066510975)
(-9.9920072e-19 -0.0038393922 0.066510975)
(0.00066670346 -0.0037810632 0.066510975)
(0.0013131495 -0.0036078485 0.066510975)
(0.0019196961 -0.0033250112 0.066510975)
(0.0024679137 -0.0029411451 0.066510975)
(0.0029411451 -0.0024679137 0.066510975)
(0.0033250112 -0.0019196961 0.066510975)
(0.0036078485 -0.0013131495 0.066510975)
(0.0037810632 -0.00066670346 0.066510975)
(0.0020876809 0.00036811447 0.068850325)
(0.0019920419 0.00072504396 0.068850325)
(0.0018358758 0.0010599434 0.068850325)
(0.0016239274 0.0013626369 0.068850325)
(0.0013626369 0.0016239274 0.068850325)
(0.0010599434 0.0018358758 0.068850325)
(0.00072504396 0.0019920419 0.068850325)
(0.00036811447 0.0020876809 0.068850325)
(2.7755576e-19 0.0021198867 0.068850325)
(-0.00036811447 0.0020876809 0.068850325)
(-0.00072504396 0.0019920419 0.068850325)
(-0.0010599434 0.0018358758 0.068850325)
(-0.0013626369 0.0016239274 0.068850325)
(-0.0016239274 0.0013626369 0.068850325)
(-0.0018358758 0.0010599434 0.068850325)
(-0.0019920419 0.00072504396 0.068850325)
(-0.0020876809 0.00036811447 0.068850325)
(-0.0021198867 3.8857806e-19 0.068850325)
(-0.0020876809 -0.00036811447 0.068850325)
(-0.0019920419 -0.00072504396 0.068850325)
(-0.0018358758 -0.0010599434 0.068850325)
(-0.0016239274 -0.0013626369 0.068850325)
(-0.0013626369 -0.0016239274 0.068850325)
(-0.0010599434 -0.0018358758 0.068850325)
(-0.00072504396 -0.0019920419 0.068850325)
(-0.00036811447 -0.0020876809 0.068850325)
(-7.2164497e-19 -0.0021198867 0.068850325)
(0.00036811447 -0.0020876809 0.068850325)
(0.00072504396 -0.0019920419 0.068850325)
(0.0010599434 -0.0018358758 0.068850325)
(0.0013626369 -0.0016239274 0.068850325)
(0.0016239274 -0.0013626369 0.068850325)
(0.0018358758 -0.0010599434 0.068850325)
(0.0019920419 -0.00072504396 0.068850325)
(0.0020876809 -0.00036811447 0.068850325)
(0.0020876809 0.00036811447 0.06768065)
(0.0019920419 0.00072504396 0.06768065)
(0.0018358758 0.0010599434 0.06768065)
(0.0016239274 0.0013626369 0.06768065)
(0.0013626369 0.0016239274 0.06768065)
(0.0010599434 0.0018358758 0.06768065)
(0.00072504396 0.0019920419 0.06768065)
(0.00036811447 0.0020876809 0.06768065)
(-5.5511151e-20 0.0021198867 0.06768065)
(-0.00036811447 0.0020876809 0.06768065)
(-0.00072504396 0.0019920419 0.06768065)
(-0.0010599434 0.0018358758 0.06768065)
(-0.0013626369 0.0016239274 0.06768065)
(-0.0016239274 0.0013626369 0.06768065)
(-0.0018358758 0.0010599434 0.06768065)
(-0.0019920419 0.00072504396 0.06768065)
(-0.0020876809 0.00036811447 0.06768065)
(-0.0021198867 4.4408921e-19 0.06768065)
(-0.0020876809 -0.00036811447 0.06768065)
(-0.0019920419 -0.00072504396 0.06768065)
(-0.0018358758 -0.0010599434 0.06768065)
(-0.0016239274 -0.0013626369 0.06768065)
(-0.0013626369 -0.0016239274 0.06768065)
(-0.0010599434 -0.0018358758 0.06768065)
(-0.00072504396 -0.0019920419 0.06768065)
(-0.00036811447 -0.0020876809 0.06768065)
(-7.7715612e-19 -0.0021198867 0.06768065)
(0.00036811447 -0.0020876809 0.06768065)
(0.00072504396 -0.0019920419 0.06768065)
(0.0010599434 -0.0018358758 0.06768065)
(0.0013626369 -0.0016239274 0.06768065)
(0.0016239274 -0.0013626369 0.06768065)
(0.0018358758 -0.0010599434 0.06768065)
(0.0019920419 -0.00072504396 0.06768065)
(0.0020876809 -0.00036811447 0.06768065)
(0.0020876809 0.00036811447 0.066510975)
(0.0019920419 0.00072504396 0.066510975)
(0.0018358758 0.0010599434 0.066510975)
(0.0016239274 0.0013626369 0.066510975)
(0.0013626369 0.0016239274 0.066510975)
(0.0010599434 0.0018358758 0.066510975)
(0.00072504396 0.0019920419 0.066510975)
(0.00036811447 0.0020876809 0.066510975)
(3.3306691e-19 0.0021198867 0.066510975)
(-0.00036811447 0.0020876809 0.066510975)
(-0.00072504396 0.0019920419 0.066510975)
(-0.0010599434 0.0018358758 0.066510975)
(-0.0013626369 0.0016239274 0.066510975)
(-0.0016239274 0.0013626369 0.066510975)
(-0.0018358758 0.0010599434 0.066510975)
(-0.0019920419 0.00072504396 0.066510975)
(-0.0020876809 0.00036811447 0.066510975)
(-0.0021198867 6.1062266e-19 0.066510975)
(-0.0020876809 -0.00036811447 0.066510975)
(-0.0019920419 -0.00072504396 0.066510975)
(-0.0018358758 -0.0010599434 0.066510975)
(-0.0016239274 -0.0013626369 0.066510975)
(-0.0013626369 -0.0016239274 0.066510975)
(-0.0010599434 -0.0018358758 0.066510975)
(-0.00072504396 -0.0019920419 0.066510975)
(-0.00036811447 -0.0020876809 0.066510975)
(-7.7715612e-19 -0.0021198867 0.066510975)
(0.00036811447 -0.0020876809 0.066510975)
(0.00072504396 -0.0019920419 0.066510975)
(0.0010599434 -0.0018358758 0.066510975)
(0.0013626369 -0.0016239274 0.066510975)
(0.0016239274 -0.0013626369 0.066510975)
(0.0018358758 -0.0010599434 0.066510975)
(0.0019920419 -0.00072504396 0.066510975)
(0.0020876809 -0.00036811447 0.066510975)
)


// ************************************************************************* //
