/*--------------------------------*- C++ -*----------------------------------*\
| =========                 |                                                 |
| \\      /  F ield         | OpenFOAM: The Open Source CFD Toolbox           |
|  \\    /   O peration     | Version:  2506                                  |
|   \\  /    A nd           | Website:  www.openfoam.com                      |
|    \\/     M anipulation  |                                                 |
\*---------------------------------------------------------------------------*/
FoamFile
{
    version     2.0;
    format      ascii;
    arch        "LSB;label=32;scalar=64";
    class       volScalarField;
    location    "290/cap_rotated";
    object      T;
}
// * * * * * * * * * * * * * * * * * * * * * * * * * * * * * * * * * * * * * //

dimensions      [0 0 0 1 0 0 0];

internalField   nonuniform List<scalar> 
1872
(
298.20017
298.20017
298.20017
298.20017
298.20017
298.20017
298.20017
298.20017
298.20017
298.20017
298.20017
298.20017
298.20017
298.20017
298.20017
298.20017
298.20017
298.20017
298.20017
298.20017
298.20017
298.20017
298.20017
298.20017
298.20017
298.20017
298.20017
298.20017
298.20017
298.20017
298.20017
298.20017
298.20017
298.20017
298.20017
298.20017
298.29748
298.29748
298.29748
298.29748
298.29748
298.29748
298.29748
298.29748
298.29748
298.29748
298.29748
298.29748
298.29748
298.29748
298.29748
298.29748
298.29748
298.29748
298.29748
298.29748
298.29748
298.29748
298.29748
298.29748
298.29748
298.29748
298.29748
298.29748
298.29748
298.29748
298.29748
298.29748
298.29748
298.29748
298.29748
298.29748
298.37872
298.37872
298.37872
298.37872
298.37872
298.37872
298.37872
298.37872
298.37872
298.37872
298.37872
298.37872
298.37872
298.37872
298.37872
298.37872
298.37872
298.37872
298.37872
298.37872
298.37872
298.37872
298.37872
298.37872
298.37872
298.37872
298.37872
298.37872
298.37872
298.37872
298.37872
298.37872
298.37872
298.37872
298.37872
298.37872
298.38752
298.38752
298.38752
298.38752
298.38752
298.38752
298.38752
298.38752
298.38752
298.38752
298.38752
298.38752
298.38752
298.38752
298.38752
298.38752
298.38752
298.38752
298.38752
298.38752
298.38752
298.38752
298.38752
298.38752
298.38752
298.38752
298.38752
298.38752
298.38752
298.38752
298.38752
298.38752
298.38752
298.38752
298.38752
298.38752
298.30017
298.30017
298.30017
298.30017
298.30017
298.30017
298.30017
298.30017
298.30017
298.30017
298.30017
298.30017
298.30017
298.30017
298.30017
298.30017
298.30017
298.30017
298.30017
298.30017
298.30017
298.30017
298.30017
298.30017
298.30017
298.30017
298.30017
298.30017
298.30017
298.30017
298.30017
298.30017
298.30017
298.30017
298.30017
298.30017
298.59416
298.59416
298.59416
298.59416
298.59416
298.59416
298.59416
298.59416
298.59416
298.59416
298.59416
298.59416
298.59416
298.59416
298.59416
298.59416
298.59416
298.59416
298.59416
298.59416
298.59416
298.59416
298.59416
298.59416
298.59416
298.59416
298.59416
298.59416
298.59416
298.59416
298.59416
298.59416
298.59416
298.59416
298.59416
298.59416
298.85698
298.85698
298.85698
298.85698
298.85698
298.85698
298.85698
298.85698
298.85698
298.85698
298.85698
298.85698
298.85698
298.85698
298.85698
298.85698
298.85698
298.85698
298.85698
298.85698
298.85698
298.85698
298.85698
298.85698
298.85698
298.85698
298.85698
298.85698
298.85698
298.85698
298.85698
298.85698
298.85698
298.85698
298.85698
298.85698
298.99812
298.99812
298.99812
298.99812
298.99812
298.99812
298.99812
298.99812
298.99812
298.99812
298.99812
298.99812
298.99812
298.99812
298.99812
298.99812
298.99812
298.99812
298.99812
298.99812
298.99812
298.99812
298.99812
298.99812
298.99812
298.99812
298.99812
298.99812
298.99812
298.99812
298.99812
298.99812
298.99812
298.99812
298.99812
298.99812
298.41183
298.41183
298.41183
298.41183
298.41183
298.41183
298.41183
298.41183
298.41183
298.41183
298.41183
298.41183
298.41183
298.41183
298.41183
298.41183
298.41183
298.41183
298.41183
298.41183
298.41183
298.41183
298.41183
298.41183
298.41183
298.41183
298.41183
298.41183
298.41183
298.41183
298.41183
298.41183
298.41183
298.41183
298.41183
298.41183
298.93024
298.93024
298.93024
298.93024
298.93024
298.93024
298.93024
298.93024
298.93024
298.93024
298.93024
298.93024
298.93024
298.93024
298.93024
298.93024
298.93024
298.93024
298.93024
298.93024
298.93024
298.93024
298.93024
298.93024
298.93024
298.93024
298.93024
298.93024
298.93024
298.93024
298.93024
298.93024
298.93024
298.93024
298.93024
298.93024
299.42582
299.42582
299.42582
299.42582
299.42582
299.42582
299.42582
299.42582
299.42582
299.42582
299.42582
299.42582
299.42582
299.42582
299.42582
299.42582
299.42582
299.42582
299.42582
299.42582
299.42582
299.42582
299.42582
299.42582
299.42582
299.42582
299.42582
299.42582
299.42582
299.42582
299.42582
299.42582
299.42582
299.42582
299.42582
299.42582
299.85837
299.85837
299.85837
299.85837
299.85837
299.85837
299.85837
299.85837
299.85837
299.85837
299.85837
299.85837
299.85837
299.85837
299.85837
299.85837
299.85837
299.85837
299.85837
299.85837
299.85837
299.85837
299.85837
299.85837
299.85837
299.85837
299.85837
299.85837
299.85837
299.85837
299.85837
299.85837
299.85837
299.85837
299.85837
299.85837
298.55727
298.55727
298.55727
298.55727
298.55727
298.55727
298.55727
298.55727
298.55727
298.55727
298.55727
298.55727
298.55727
298.55727
298.55727
298.55727
298.55727
298.55727
298.55727
298.55727
298.55727
298.55727
298.55727
298.55727
298.55727
298.55727
298.55727
298.55727
298.55727
298.55727
298.55727
298.55727
298.55727
298.55727
298.55727
298.55727
299.37244
299.37244
299.37244
299.37244
299.37244
299.37244
299.37244
299.37244
299.37244
299.37244
299.37244
299.37244
299.37244
299.37244
299.37244
299.37244
299.37244
299.37244
299.37244
299.37244
299.37244
299.37244
299.37244
299.37244
299.37244
299.37244
299.37244
299.37244
299.37244
299.37244
299.37244
299.37244
299.37244
299.37244
299.37244
299.37244
300.19024
300.19024
300.19024
300.19024
300.19024
300.19024
300.19024
300.19024
300.19024
300.19024
300.19024
300.19024
300.19024
300.19024
300.19024
300.19024
300.19024
300.19024
300.19024
300.19024
300.19024
300.19024
300.19024
300.19024
300.19024
300.19024
300.19024
300.19024
300.19024
300.19024
300.19024
300.19024
300.19024
300.19024
300.19024
300.19024
301.02266
301.02266
301.02266
301.02266
301.02266
301.02266
301.02266
301.02266
301.02266
301.02266
301.02266
301.02266
301.02266
301.02266
301.02266
301.02266
301.02266
301.02266
301.02266
301.02266
301.02266
301.02266
301.02266
301.02266
301.02266
301.02266
301.02266
301.02266
301.02266
301.02266
301.02266
301.02266
301.02266
301.02266
301.02266
301.02266
298.74489
298.74489
298.74489
298.74489
298.74489
298.74489
298.74489
298.74489
298.74489
298.74489
298.74489
298.74489
298.74489
298.74489
298.74489
298.74489
298.74489
298.74489
298.74489
298.74489
298.74489
298.74489
298.74489
298.74489
298.74489
298.74489
298.74489
298.74489
298.74489
298.74489
298.74489
298.74489
298.74489
298.74489
298.74489
298.74489
299.94376
299.94376
299.94376
299.94376
299.94376
299.94376
299.94376
299.94376
299.94376
299.94376
299.94376
299.94376
299.94376
299.94376
299.94376
299.94376
299.94376
299.94376
299.94376
299.94376
299.94376
299.94376
299.94376
299.94376
299.94376
299.94376
299.94376
299.94376
299.94376
299.94376
299.94376
299.94376
299.94376
299.94376
299.94376
299.94376
301.17493
301.17493
301.17493
301.17493
301.17493
301.17493
301.17493
301.17493
301.17493
301.17493
301.17493
301.17493
301.17493
301.17493
301.17493
301.17493
301.17493
301.17493
301.17493
301.17493
301.17493
301.17493
301.17493
301.17493
301.17493
301.17493
301.17493
301.17493
301.17493
301.17493
301.17493
301.17493
301.17493
301.17493
301.17493
301.17493
302.4824
302.4824
302.4824
302.4824
302.4824
302.4824
302.4824
302.4824
302.4824
302.4824
302.4824
302.4824
302.4824
302.4824
302.4824
302.4824
302.4824
302.4824
302.4824
302.4824
302.4824
302.4824
302.4824
302.4824
302.4824
302.4824
302.4824
302.4824
302.4824
302.4824
302.4824
302.4824
302.4824
302.4824
302.4824
302.4824
298.98068
298.98068
298.98068
298.98068
298.98068
298.98068
298.98068
298.98068
298.98068
298.98068
298.98068
298.98068
298.98068
298.98068
298.98068
298.98068
298.98068
298.98068
298.98068
298.98068
298.98068
298.98068
298.98068
298.98068
298.98068
298.98068
298.98068
298.98068
298.98068
298.98068
298.98068
298.98068
298.98068
298.98068
298.98068
298.98068
300.65896
300.65896
300.65896
300.65896
300.65896
300.65896
300.65896
300.65896
300.65896
300.65896
300.65896
300.65896
300.65896
300.65896
300.65896
300.65896
300.65896
300.65896
300.65896
300.65896
300.65896
300.65896
300.65896
300.65896
300.65896
300.65896
300.65896
300.65896
300.65896
300.65896
300.65896
300.65896
300.65896
300.65896
300.65896
300.65896
302.39395
302.39395
302.39395
302.39395
302.39395
302.39395
302.39395
302.39395
302.39395
302.39395
302.39395
302.39395
302.39395
302.39395
302.39395
302.39395
302.39395
302.39395
302.39395
302.39395
302.39395
302.39395
302.39395
302.39395
302.39395
302.39395
302.39395
302.39395
302.39395
302.39395
302.39395
302.39395
302.39395
302.39395
302.39395
302.39395
304.24684
304.24684
304.24684
304.24684
304.24684
304.24684
304.24684
304.24684
304.24684
304.24684
304.24684
304.24684
304.24684
304.24684
304.24684
304.24684
304.24684
304.24684
304.24684
304.24684
304.24684
304.24684
304.24684
304.24684
304.24684
304.24684
304.24684
304.24684
304.24684
304.24684
304.24684
304.24684
304.24684
304.24684
304.24684
304.24684
299.26744
299.26744
299.26744
299.26744
299.26744
299.26744
299.26744
299.26744
299.26744
299.26744
299.26744
299.26744
299.26744
299.26744
299.26744
299.26744
299.26744
299.26744
299.26744
299.26744
299.26744
299.26744
299.26744
299.26744
299.26744
299.26744
299.26744
299.26744
299.26744
299.26744
299.26744
299.26744
299.26744
299.26744
299.26744
299.26744
301.52497
301.52497
301.52497
301.52497
301.52497
301.52497
301.52497
301.52497
301.52497
301.52497
301.52497
301.52497
301.52497
301.52497
301.52497
301.52497
301.52497
301.52497
301.52497
301.52497
301.52497
301.52497
301.52497
301.52497
301.52497
301.52497
301.52497
301.52497
301.52497
301.52497
301.52497
301.52497
301.52497
301.52497
301.52497
301.52497
303.85638
303.85638
303.85638
303.85638
303.85638
303.85638
303.85638
303.85638
303.85638
303.85638
303.85638
303.85638
303.85638
303.85638
303.85638
303.85638
303.85638
303.85638
303.85638
303.85638
303.85638
303.85638
303.85638
303.85638
303.85638
303.85638
303.85638
303.85638
303.85638
303.85638
303.85638
303.85638
303.85638
303.85638
303.85638
303.85638
306.33444
306.33444
306.33444
306.33444
306.33444
306.33444
306.33444
306.33444
306.33444
306.33444
306.33444
306.33444
306.33444
306.33444
306.33444
306.33444
306.33444
306.33444
306.33444
306.33444
306.33444
306.33444
306.33444
306.33444
306.33444
306.33444
306.33444
306.33444
306.33444
306.33444
306.33444
306.33444
306.33444
306.33444
306.33444
306.33444
299.60555
299.60555
299.60555
299.60555
299.60555
299.60555
299.60555
299.60555
299.60555
299.60555
299.60555
299.60555
299.60555
299.60555
299.60555
299.60555
299.60555
299.60555
299.60555
299.60555
299.60555
299.60555
299.60555
299.60555
299.60555
299.60555
299.60555
299.60555
299.60555
299.60555
299.60555
299.60555
299.60555
299.60555
299.60555
299.60555
302.54339
302.54339
302.54339
302.54339
302.54339
302.54339
302.54339
302.54339
302.54339
302.54339
302.54339
302.54339
302.54339
302.54339
302.54339
302.54339
302.54339
302.54339
302.54339
302.54339
302.54339
302.54339
302.54339
302.54339
302.54339
302.54339
302.54339
302.54339
302.54339
302.54339
302.54339
302.54339
302.54339
302.54339
302.54339
302.54339
305.56794
305.56794
305.56794
305.56794
305.56794
305.56794
305.56794
305.56794
305.56794
305.56794
305.56794
305.56794
305.56794
305.56794
305.56794
305.56794
305.56794
305.56794
305.56794
305.56794
305.56794
305.56794
305.56794
305.56794
305.56794
305.56794
305.56794
305.56794
305.56794
305.56794
305.56794
305.56794
305.56794
305.56794
305.56794
305.56794
308.76303
308.76303
308.76303
308.76303
308.76303
308.76303
308.76303
308.76303
308.76303
308.76303
308.76303
308.76303
308.76303
308.76303
308.76303
308.76303
308.76303
308.76303
308.76303
308.76303
308.76303
308.76303
308.76303
308.76303
308.76303
308.76303
308.76303
308.76303
308.76303
308.76303
308.76303
308.76303
308.76303
308.76303
308.76303
308.76303
299.99319
299.99319
299.99319
299.99319
299.99319
299.99319
299.99319
299.99319
299.99319
299.99319
299.99319
299.99319
299.99319
299.99319
299.99319
299.99319
299.99319
299.99319
299.99319
299.99319
299.99319
299.99319
299.99319
299.99319
299.99319
299.99319
299.99319
299.99319
299.99319
299.99319
299.99319
299.99319
299.99319
299.99319
299.99319
299.99319
303.71029
303.71029
303.71029
303.71029
303.71029
303.71029
303.71029
303.71029
303.71029
303.71029
303.71029
303.71029
303.71029
303.71029
303.71029
303.71029
303.71029
303.71029
303.71029
303.71029
303.71029
303.71029
303.71029
303.71029
303.71029
303.71029
303.71029
303.71029
303.71029
303.71029
303.71029
303.71029
303.71029
303.71029
303.71029
303.71028
307.52711
307.5271
307.5271
307.5271
307.5271
307.5271
307.5271
307.5271
307.5271
307.5271
307.5271
307.5271
307.5271
307.5271
307.5271
307.5271
307.5271
307.5271
307.5271
307.5271
307.5271
307.5271
307.5271
307.5271
307.5271
307.5271
307.5271
307.5271
307.5271
307.5271
307.5271
307.5271
307.5271
307.5271
307.5271
307.5271
311.54063
311.54063
311.54063
311.54063
311.54063
311.54063
311.54063
311.54063
311.54063
311.54063
311.54063
311.54063
311.54063
311.54063
311.54063
311.54063
311.54063
311.54063
311.54063
311.54063
311.54063
311.54063
311.54063
311.54063
311.54063
311.54063
311.54063
311.54063
311.54063
311.54063
311.54063
311.54063
311.54063
311.54063
311.54063
311.54063
300.42264
300.42264
300.42264
300.42264
300.42264
300.42264
300.42264
300.42264
300.42264
300.42264
300.42264
300.42264
300.42264
300.42264
300.42264
300.42264
300.42264
300.42264
300.42264
300.42264
300.42264
300.42264
300.42264
300.42264
300.42264
300.42264
300.42264
300.42264
300.42264
300.42264
300.42264
300.42264
300.42264
300.42264
300.42264
300.42264
305.00461
305.00461
305.00461
305.00461
305.00461
305.00461
305.00461
305.00461
305.00461
305.00461
305.00461
305.00461
305.00461
305.00461
305.00461
305.00461
305.00461
305.00461
305.00461
305.00461
305.00461
305.00461
305.00461
305.00461
305.00461
305.00461
305.00461
305.00461
305.00461
305.00461
305.00461
305.00461
305.00461
305.00461
305.00461
305.00461
309.70684
309.70684
309.70684
309.70684
309.70684
309.70684
309.70684
309.70684
309.70684
309.70684
309.70684
309.70684
309.70684
309.70684
309.70684
309.70684
309.70684
309.70684
309.70684
309.70684
309.70684
309.70684
309.70684
309.70684
309.70684
309.70684
309.70684
309.70684
309.70684
309.70684
309.70684
309.70684
309.70684
309.70684
309.70684
309.70683
314.64936
314.64936
314.64936
314.64936
314.64936
314.64936
314.64936
314.64936
314.64936
314.64936
314.64936
314.64936
314.64936
314.64936
314.64936
314.64936
314.64936
314.64936
314.64936
314.64936
314.64936
314.64936
314.64936
314.64936
314.64936
314.64936
314.64936
314.64936
314.64936
314.64936
314.64936
314.64936
314.64936
314.64936
314.64936
314.64936
300.85731
300.85731
300.85731
300.85731
300.85731
300.85731
300.85731
300.85731
300.85731
300.85731
300.85731
300.85731
300.85731
300.85731
300.85731
300.85731
300.85731
300.85731
300.85731
300.85731
300.85731
300.85731
300.85731
300.85731
300.85731
300.85731
300.85731
300.85731
300.85731
300.85731
300.85731
300.85731
300.85731
300.85731
300.85731
300.85731
306.31243
306.31243
306.31243
306.31243
306.31243
306.31243
306.31243
306.31243
306.31243
306.31243
306.31243
306.31243
306.31243
306.31243
306.31243
306.31243
306.31243
306.31243
306.31243
306.31243
306.31243
306.31243
306.31243
306.31243
306.31243
306.31243
306.31243
306.31243
306.31243
306.31243
306.31243
306.31243
306.31243
306.31243
306.31243
306.31243
311.90096
311.90096
311.90096
311.90096
311.90096
311.90096
311.90096
311.90096
311.90096
311.90096
311.90096
311.90096
311.90096
311.90096
311.90096
311.90096
311.90096
311.90096
311.90096
311.90096
311.90096
311.90096
311.90096
311.90096
311.90096
311.90096
311.90096
311.90096
311.90096
311.90096
311.90096
311.90096
311.90096
311.90096
311.90096
311.90095
317.75774
317.75774
317.75774
317.75774
317.75774
317.75774
317.75774
317.75774
317.75774
317.75774
317.75774
317.75774
317.75774
317.75774
317.75774
317.75774
317.75774
317.75774
317.75774
317.75774
317.75774
317.75774
317.75774
317.75774
317.75774
317.75774
317.75774
317.75774
317.75774
317.75774
317.75774
317.75774
317.75774
317.75774
317.75774
317.75774
301.2406
301.2406
301.2406
301.2406
301.2406
301.2406
301.2406
301.2406
301.2406
301.2406
301.2406
301.2406
301.2406
301.2406
301.2406
301.2406
301.2406
301.2406
301.2406
301.2406
301.2406
301.2406
301.2406
301.2406
301.2406
301.2406
301.2406
301.2406
301.2406
301.2406
301.2406
301.2406
301.2406
301.2406
301.2406
301.24059
307.46439
307.46438
307.46438
307.46438
307.46438
307.46438
307.46438
307.46438
307.46438
307.46438
307.46438
307.46438
307.46438
307.46438
307.46438
307.46438
307.46438
307.46438
307.46438
307.46438
307.46438
307.46438
307.46438
307.46438
307.46438
307.46438
307.46438
307.46438
307.46438
307.46438
307.46438
307.46438
307.46438
307.46438
307.46438
307.46438
313.82959
313.82958
313.82958
313.82958
313.82958
313.82958
313.82958
313.82958
313.82959
313.82959
313.82959
313.82959
313.82959
313.82959
313.82959
313.82959
313.82959
313.82959
313.82959
313.82959
313.82959
313.82959
313.82959
313.82959
313.82959
313.82959
313.82959
313.82959
313.82959
313.82958
313.82958
313.82958
313.82958
313.82958
313.82958
313.82958
320.48205
320.48205
320.48205
320.48205
320.48205
320.48205
320.48205
320.48205
320.48205
320.48205
320.48205
320.48205
320.48205
320.48205
320.48205
320.48205
320.48205
320.48205
320.48205
320.48205
320.48205
320.48205
320.48205
320.48205
320.48205
320.48205
320.48205
320.48205
320.48205
320.48205
320.48205
320.48205
320.48205
320.48205
320.48205
320.48205
301.46671
301.46671
301.46671
301.46671
301.46672
301.46672
301.46672
301.46672
301.46672
301.46672
301.46672
301.46672
301.46672
301.46672
301.46672
301.46672
301.46672
301.46672
301.46672
301.46672
301.46672
301.46672
301.46672
301.46672
301.46672
301.46672
301.46672
301.46672
301.46672
301.46672
301.46672
301.46672
301.46671
301.46671
301.46671
301.4667
308.14302
308.14302
308.14303
308.14304
308.14304
308.14305
308.14305
308.14305
308.14305
308.14305
308.14305
308.14305
308.14305
308.14305
308.14305
308.14305
308.14305
308.14305
308.14305
308.14305
308.14305
308.14305
308.14305
308.14305
308.14305
308.14305
308.14305
308.14305
308.14305
308.14305
308.14305
308.14305
308.14304
308.14304
308.14302
308.14301
314.96267
314.96266
314.96268
314.9627
314.96271
314.96271
314.96271
314.96272
314.96272
314.96272
314.96272
314.96272
314.96272
314.96272
314.96272
314.96272
314.96272
314.96272
314.96272
314.96272
314.96272
314.96272
314.96272
314.96272
314.96272
314.96272
314.96272
314.96272
314.96272
314.96272
314.96271
314.96271
314.96271
314.9627
314.96268
314.96264
322.07597
322.07595
322.07599
322.07601
322.07601
322.07602
322.07602
322.07602
322.07602
322.07602
322.07602
322.07602
322.07602
322.07602
322.07602
322.07602
322.07602
322.07602
322.07602
322.07602
322.07602
322.07602
322.07602
322.07602
322.07602
322.07602
322.07602
322.07602
322.07602
322.07602
322.07602
322.07602
322.07601
322.07601
322.07599
322.07595
)
;

boundaryField
{
    capOuterSurface_rotated
    {
        type            fixedValue;
        value           uniform 298.15;
    }
    cap_rotated_to_shell_rotated
    {
        type            compressible::turbulentTemperatureRadCoupledMixed;
        refValue        nonuniform List<scalar> 
36
(
298.20176
298.20176
298.20176
298.20176
298.20176
298.20176
298.20176
298.20176
298.20176
298.20176
298.20176
298.20176
298.20176
298.20176
298.20176
298.20176
298.20176
298.20176
298.20176
298.20176
298.20176
298.20176
298.20176
298.20176
298.20176
298.20176
298.20176
298.20176
298.20176
298.20176
298.20176
298.20176
298.20176
298.20176
298.20176
298.20176
)
;
        refGradient     uniform 0;
        valueFraction   nonuniform List<scalar> 
36
(
0.99003228
0.99003228
0.99003228
0.99003228
0.99003228
0.99003228
0.99003228
0.99003228
0.99003228
0.99003228
0.99003228
0.99003228
0.99003228
0.99003228
0.99003228
0.99003228
0.99003228
0.99003228
0.99003228
0.99003228
0.99003228
0.99003228
0.99003228
0.99003228
0.99003228
0.99003228
0.99003228
0.99003228
0.99003228
0.99003228
0.99003228
0.99003228
0.99003228
0.99003228
0.99003228
0.99003228
)
;
        source          uniform 0;
        value           nonuniform List<scalar> 
36
(
298.20361
298.20361
298.20361
298.20361
298.20361
298.20361
298.20361
298.20361
298.20361
298.20361
298.20361
298.20361
298.20361
298.20361
298.20361
298.20361
298.20361
298.20361
298.20361
298.20361
298.20361
298.20361
298.20361
298.20361
298.20361
298.20361
298.20361
298.20361
298.20361
298.20361
298.20361
298.20361
298.20361
298.20361
298.20361
298.20361
)
;
        logInterval     -1;
        writePrecision  8;
        updateHeader    1;
        writeToFile     0;
        useUserTime     1;
        kappaMethod     solidThermo;
    }
    cap_rotated_to_jellyRoll_rotated
    {
        type            compressible::turbulentTemperatureRadCoupledMixed;
        refValue        nonuniform List<scalar> 
432
(
298.81003
298.81003
298.81003
298.81003
298.81003
298.81003
298.81003
298.81003
298.81003
298.81003
298.81003
298.81003
298.81003
298.81003
298.81003
298.81003
298.81003
298.81003
298.81003
298.81003
298.81003
298.81003
298.81003
298.81003
298.81003
298.81003
298.81003
298.81003
298.81003
298.81003
298.81003
298.81003
298.81003
298.81003
298.81003
298.81003
300.02496
300.02496
300.02496
300.02496
300.02496
300.02496
300.02496
300.02496
300.02496
300.02496
300.02496
300.02496
300.02496
300.02496
300.02496
300.02496
300.02496
300.02496
300.02496
300.02496
300.02496
300.02496
300.02496
300.02496
300.02496
300.02496
300.02496
300.02496
300.02496
300.02496
300.02496
300.02496
300.02496
300.02496
300.02496
300.02496
301.48424
301.48424
301.48424
301.48424
301.48424
301.48424
301.48424
301.48424
301.48424
301.48424
301.48424
301.48424
301.48424
301.48424
301.48424
301.48424
301.48424
301.48424
301.48424
301.48424
301.48424
301.48424
301.48424
301.48424
301.48424
301.48424
301.48424
301.48424
301.48424
301.48424
301.48424
301.48424
301.48424
301.48424
301.48424
301.48424
303.22657
303.22657
303.22657
303.22657
303.22657
303.22657
303.22657
303.22657
303.22657
303.22657
303.22657
303.22657
303.22657
303.22657
303.22657
303.22657
303.22657
303.22657
303.22657
303.22657
303.22657
303.22657
303.22657
303.22657
303.22657
303.22657
303.22657
303.22657
303.22657
303.22657
303.22657
303.22657
303.22657
303.22657
303.22657
303.22657
305.29107
305.29107
305.29107
305.29107
305.29107
305.29107
305.29107
305.29107
305.29107
305.29107
305.29107
305.29107
305.29107
305.29107
305.29107
305.29107
305.29107
305.29107
305.29107
305.29107
305.29107
305.29107
305.29107
305.29107
305.29107
305.29107
305.29107
305.29107
305.29107
305.29107
305.29107
305.29107
305.29107
305.29107
305.29107
305.29107
307.71407
307.71407
307.71407
307.71407
307.71407
307.71407
307.71407
307.71407
307.71407
307.71407
307.71407
307.71407
307.71407
307.71407
307.71407
307.71407
307.71407
307.71407
307.71407
307.71407
307.71407
307.71407
307.71407
307.71407
307.71407
307.71407
307.71407
307.71407
307.71407
307.71407
307.71407
307.71407
307.71407
307.71407
307.71407
307.71407
310.52439
310.52439
310.52439
310.52439
310.52439
310.52439
310.52439
310.52439
310.52439
310.52439
310.52439
310.52439
310.52439
310.52439
310.52439
310.52439
310.52439
310.52439
310.52439
310.52439
310.52439
310.52439
310.52439
310.52439
310.52439
310.52439
310.52439
310.52439
310.52439
310.52439
310.52439
310.52439
310.52439
310.52439
310.52439
310.52439
313.73811
313.73811
313.73811
313.73811
313.73811
313.73811
313.73811
313.73811
313.73811
313.73811
313.73811
313.73811
313.73811
313.73811
313.73811
313.73811
313.73811
313.73811
313.73811
313.73811
313.73811
313.73811
313.73811
313.73811
313.73811
313.73811
313.73811
313.73811
313.73811
313.73811
313.73811
313.73811
313.73811
313.73811
313.73811
313.73811
317.35741
317.35741
317.35741
317.35741
317.35741
317.35741
317.35741
317.35741
317.35741
317.35741
317.35741
317.35741
317.35741
317.35741
317.35741
317.35741
317.35741
317.35741
317.35741
317.35741
317.35741
317.35741
317.35741
317.35741
317.35741
317.35741
317.35741
317.35741
317.35741
317.35741
317.35741
317.35741
317.35741
317.35741
317.35741
317.35741
320.95204
320.95204
320.95204
320.95204
320.95204
320.95204
320.95204
320.95204
320.95204
320.95204
320.95204
320.95204
320.95204
320.95204
320.95204
320.95204
320.95204
320.95205
320.95205
320.95204
320.95204
320.95204
320.95204
320.95204
320.95204
320.95204
320.95204
320.95204
320.95204
320.95204
320.95204
320.95204
320.95204
320.95204
320.95204
320.95204
324.09582
324.09582
324.09582
324.09582
324.09582
324.09582
324.09582
324.09582
324.09582
324.09582
324.09582
324.09582
324.09582
324.09582
324.09582
324.09582
324.09582
324.09582
324.09582
324.09582
324.09582
324.09582
324.09582
324.09582
324.09582
324.09582
324.09582
324.09582
324.09582
324.09582
324.09582
324.09582
324.09582
324.09582
324.09582
324.09582
325.92895
325.92894
325.92895
325.92895
325.92895
325.92895
325.92895
325.92895
325.92895
325.92895
325.92895
325.92895
325.92895
325.92895
325.92895
325.92895
325.92895
325.92895
325.92895
325.92895
325.92895
325.92895
325.92895
325.92895
325.92895
325.92895
325.92895
325.92895
325.92895
325.92895
325.92895
325.92895
325.92895
325.92895
325.92895
325.92895
)
;
        refGradient     uniform 0;
        valueFraction   nonuniform List<scalar> 
432
(
0.9944759
0.9944759
0.9944759
0.9944759
0.9944759
0.9944759
0.9944759
0.9944759
0.9944759
0.9944759
0.9944759
0.9944759
0.9944759
0.9944759
0.9944759
0.9944759
0.9944759
0.9944759
0.9944759
0.9944759
0.9944759
0.9944759
0.9944759
0.9944759
0.9944759
0.9944759
0.9944759
0.9944759
0.9944759
0.9944759
0.9944759
0.9944759
0.9944759
0.9944759
0.9944759
0.9944759
0.99447587
0.99447587
0.99447587
0.99447587
0.99447587
0.99447587
0.99447587
0.99447587
0.99447587
0.99447587
0.99447587
0.99447587
0.99447587
0.99447587
0.99447587
0.99447587
0.99447587
0.99447587
0.99447587
0.99447587
0.99447587
0.99447587
0.99447587
0.99447587
0.99447587
0.99447587
0.99447587
0.99447587
0.99447587
0.99447587
0.99447587
0.99447587
0.99447587
0.99447587
0.99447587
0.99447587
0.99447584
0.99447584
0.99447584
0.99447584
0.99447584
0.99447584
0.99447584
0.99447584
0.99447584
0.99447584
0.99447584
0.99447584
0.99447584
0.99447584
0.99447584
0.99447584
0.99447584
0.99447584
0.99447584
0.99447584
0.99447584
0.99447584
0.99447584
0.99447584
0.99447584
0.99447584
0.99447584
0.99447584
0.99447584
0.99447584
0.99447584
0.99447584
0.99447584
0.99447584
0.99447584
0.99447584
0.99447582
0.99447582
0.99447582
0.99447582
0.99447582
0.99447582
0.99447582
0.99447582
0.99447582
0.99447582
0.99447582
0.99447582
0.99447582
0.99447582
0.99447582
0.99447582
0.99447582
0.99447582
0.99447582
0.99447582
0.99447582
0.99447582
0.99447582
0.99447582
0.99447582
0.99447582
0.99447582
0.99447582
0.99447582
0.99447582
0.99447582
0.99447582
0.99447582
0.99447582
0.99447582
0.99447582
0.99447579
0.99447579
0.99447579
0.99447579
0.99447579
0.99447579
0.99447579
0.99447579
0.99447579
0.99447579
0.99447579
0.99447579
0.99447579
0.99447579
0.99447579
0.99447579
0.99447579
0.99447579
0.99447579
0.99447579
0.99447579
0.99447579
0.99447579
0.99447579
0.99447579
0.99447579
0.99447579
0.99447579
0.99447579
0.99447579
0.99447579
0.99447579
0.99447579
0.99447579
0.99447579
0.99447579
0.99447576
0.99447576
0.99447576
0.99447576
0.99447576
0.99447576
0.99447576
0.99447576
0.99447576
0.99447576
0.99447576
0.99447576
0.99447576
0.99447576
0.99447576
0.99447576
0.99447576
0.99447576
0.99447576
0.99447576
0.99447576
0.99447576
0.99447576
0.99447576
0.99447576
0.99447576
0.99447576
0.99447576
0.99447576
0.99447576
0.99447576
0.99447576
0.99447576
0.99447576
0.99447576
0.99447576
0.99447573
0.99447573
0.99447573
0.99447573
0.99447573
0.99447573
0.99447573
0.99447573
0.99447573
0.99447573
0.99447573
0.99447573
0.99447573
0.99447573
0.99447573
0.99447573
0.99447573
0.99447573
0.99447573
0.99447573
0.99447573
0.99447573
0.99447573
0.99447573
0.99447573
0.99447573
0.99447573
0.99447573
0.99447573
0.99447573
0.99447573
0.99447573
0.99447573
0.99447573
0.99447573
0.99447573
0.99447569
0.99447569
0.99447569
0.99447569
0.99447569
0.99447569
0.99447569
0.99447569
0.99447569
0.99447569
0.99447569
0.99447569
0.99447569
0.99447569
0.99447569
0.99447569
0.99447569
0.99447569
0.99447569
0.99447569
0.99447569
0.99447569
0.99447569
0.99447569
0.99447569
0.99447569
0.99447569
0.99447569
0.99447569
0.99447569
0.99447569
0.99447569
0.99447569
0.99447569
0.99447569
0.99447569
0.99447565
0.99447565
0.99447565
0.99447565
0.99447565
0.99447565
0.99447565
0.99447565
0.99447565
0.99447565
0.99447565
0.99447565
0.99447565
0.99447565
0.99447565
0.99447565
0.99447565
0.99447565
0.99447565
0.99447565
0.99447565
0.99447565
0.99447565
0.99447565
0.99447565
0.99447565
0.99447565
0.99447565
0.99447565
0.99447565
0.99447565
0.99447565
0.99447565
0.99447565
0.99447565
0.99447565
0.99447561
0.99447561
0.99447561
0.99447561
0.99447561
0.99447561
0.99447561
0.99447561
0.99447561
0.99447561
0.99447561
0.99447561
0.99447561
0.99447561
0.99447561
0.99447561
0.99447561
0.99447561
0.99447561
0.99447561
0.99447561
0.99447561
0.99447561
0.99447561
0.99447561
0.99447561
0.99447561
0.99447561
0.99447561
0.99447561
0.99447561
0.99447561
0.99447561
0.99447561
0.99447561
0.99447561
0.99447557
0.99447557
0.99447557
0.99447557
0.99447557
0.99447557
0.99447557
0.99447557
0.99447557
0.99447557
0.99447557
0.99447557
0.99447557
0.99447557
0.99447557
0.99447557
0.99447557
0.99447557
0.99447557
0.99447557
0.99447557
0.99447557
0.99447557
0.99447557
0.99447557
0.99447557
0.99447557
0.99447557
0.99447557
0.99447557
0.99447557
0.99447557
0.99447557
0.99447557
0.99447557
0.99447557
0.99447556
0.99447556
0.99447556
0.99447556
0.99447556
0.99447556
0.99447556
0.99447556
0.99447556
0.99447556
0.99447556
0.99447556
0.99447556
0.99447556
0.99447556
0.99447556
0.99447556
0.99447556
0.99447556
0.99447556
0.99447556
0.99447556
0.99447556
0.99447556
0.99447556
0.99447556
0.99447556
0.99447556
0.99447556
0.99447556
0.99447556
0.99447556
0.99447556
0.99447556
0.99447556
0.99447556
)
;
        source          uniform 0;
        value           nonuniform List<scalar> 
432
(
298.81107
298.81107
298.81107
298.81107
298.81107
298.81107
298.81107
298.81107
298.81107
298.81107
298.81107
298.81107
298.81107
298.81107
298.81107
298.81107
298.81107
298.81107
298.81107
298.81107
298.81107
298.81107
298.81107
298.81107
298.81107
298.81107
298.81107
298.81107
298.81107
298.81107
298.81107
298.81107
298.81107
298.81107
298.81107
298.81107
300.02404
300.02404
300.02404
300.02404
300.02404
300.02404
300.02404
300.02404
300.02404
300.02404
300.02404
300.02404
300.02404
300.02404
300.02404
300.02404
300.02404
300.02404
300.02404
300.02404
300.02404
300.02404
300.02404
300.02404
300.02404
300.02404
300.02404
300.02404
300.02404
300.02404
300.02404
300.02404
300.02404
300.02404
300.02404
300.02404
301.48169
301.48169
301.48169
301.48169
301.48169
301.48169
301.48169
301.48169
301.48169
301.48169
301.48169
301.48169
301.48169
301.48169
301.48169
301.48169
301.48169
301.48169
301.48169
301.48169
301.48169
301.48169
301.48169
301.48169
301.48169
301.48169
301.48169
301.48169
301.48169
301.48169
301.48169
301.48169
301.48169
301.48169
301.48169
301.48169
303.22245
303.22245
303.22245
303.22245
303.22245
303.22245
303.22245
303.22245
303.22245
303.22245
303.22245
303.22245
303.22245
303.22245
303.22245
303.22245
303.22245
303.22245
303.22245
303.22245
303.22245
303.22245
303.22245
303.22245
303.22245
303.22245
303.22245
303.22245
303.22245
303.22245
303.22245
303.22245
303.22245
303.22245
303.22245
303.22245
305.2853
305.2853
305.2853
305.2853
305.2853
305.2853
305.2853
305.2853
305.2853
305.2853
305.2853
305.2853
305.2853
305.2853
305.2853
305.2853
305.2853
305.2853
305.2853
305.2853
305.2853
305.2853
305.2853
305.2853
305.2853
305.2853
305.2853
305.2853
305.2853
305.2853
305.2853
305.2853
305.2853
305.2853
305.2853
305.2853
307.70644
307.70644
307.70644
307.70644
307.70644
307.70644
307.70644
307.70644
307.70644
307.70644
307.70644
307.70644
307.70644
307.70644
307.70644
307.70644
307.70644
307.70644
307.70644
307.70644
307.70644
307.70644
307.70644
307.70644
307.70644
307.70644
307.70644
307.70644
307.70644
307.70644
307.70644
307.70644
307.70644
307.70644
307.70644
307.70644
310.51465
310.51465
310.51465
310.51465
310.51465
310.51465
310.51465
310.51465
310.51465
310.51465
310.51465
310.51465
310.51465
310.51465
310.51465
310.51465
310.51465
310.51465
310.51465
310.51465
310.51465
310.51465
310.51465
310.51465
310.51465
310.51465
310.51465
310.51465
310.51465
310.51465
310.51465
310.51465
310.51465
310.51465
310.51465
310.51465
313.72596
313.72596
313.72596
313.72596
313.72596
313.72596
313.72596
313.72596
313.72596
313.72596
313.72596
313.72596
313.72596
313.72596
313.72596
313.72596
313.72596
313.72596
313.72596
313.72596
313.72596
313.72596
313.72596
313.72596
313.72596
313.72596
313.72596
313.72596
313.72596
313.72596
313.72596
313.72596
313.72596
313.72596
313.72596
313.72596
317.34243
317.34243
317.34243
317.34243
317.34243
317.34243
317.34243
317.34243
317.34243
317.34243
317.34243
317.34243
317.34243
317.34243
317.34243
317.34243
317.34243
317.34243
317.34243
317.34243
317.34243
317.34243
317.34243
317.34243
317.34243
317.34243
317.34243
317.34243
317.34243
317.34243
317.34243
317.34243
317.34243
317.34243
317.34243
317.34243
320.93438
320.93438
320.93438
320.93438
320.93438
320.93438
320.93438
320.93438
320.93438
320.93438
320.93438
320.93438
320.93438
320.93438
320.93438
320.93438
320.93438
320.93438
320.93438
320.93438
320.93438
320.93438
320.93438
320.93438
320.93438
320.93438
320.93438
320.93438
320.93438
320.93438
320.93438
320.93438
320.93438
320.93438
320.93438
320.93438
324.07584
324.07584
324.07584
324.07584
324.07584
324.07584
324.07584
324.07584
324.07584
324.07584
324.07584
324.07584
324.07584
324.07584
324.07584
324.07584
324.07584
324.07584
324.07584
324.07584
324.07584
324.07584
324.07584
324.07584
324.07584
324.07584
324.07584
324.07584
324.07584
324.07584
324.07584
324.07584
324.07584
324.07584
324.07584
324.07584
325.90764
325.90764
325.90764
325.90764
325.90764
325.90764
325.90764
325.90764
325.90764
325.90764
325.90764
325.90764
325.90764
325.90764
325.90764
325.90764
325.90764
325.90764
325.90764
325.90764
325.90764
325.90764
325.90764
325.90764
325.90764
325.90764
325.90764
325.90764
325.90764
325.90764
325.90764
325.90764
325.90764
325.90764
325.90764
325.90764
)
;
        logInterval     -1;
        writePrecision  8;
        updateHeader    1;
        writeToFile     0;
        useUserTime     1;
        kappaMethod     solidThermo;
    }
}


// ************************************************************************* //
