/*--------------------------------*- C++ -*----------------------------------*\
| =========                 |                                                 |
| \\      /  F ield         | OpenFOAM: The Open Source CFD Toolbox           |
|  \\    /   O peration     | Version:  2506                                  |
|   \\  /    A nd           | Website:  www.openfoam.com                      |
|    \\/     M anipulation  |                                                 |
\*---------------------------------------------------------------------------*/
FoamFile
{
    version     2.0;
    format      ascii;
    arch        "LSB;label=32;scalar=64";
    class       labelList;
    location    "constant/shell_rotated/polyMesh";
    object      faceRegionAddressing;
}
// * * * * * * * * * * * * * * * * * * * * * * * * * * * * * * * * * * * * * //


11952
(
433
434
435
436
438
439
440
442
443
444
446
447
448
450
451
452
454
455
456
458
459
460
462
463
464
466
467
468
470
471
472
474
475
476
478
479
480
482
483
484
486
487
488
490
491
492
494
495
496
498
499
500
502
503
504
506
507
508
510
511
512
514
515
516
518
519
520
522
523
524
526
527
528
530
531
532
534
535
536
538
539
540
542
543
544
546
547
548
550
551
552
554
555
556
558
559
560
562
563
564
566
567
568
570
571
572
574
575
577
578
579
581
582
584
585
587
588
590
591
593
594
596
597
599
600
602
603
605
606
608
609
611
612
614
615
617
618
620
621
623
624
626
627
629
630
632
633
635
636
638
639
641
642
644
645
647
648
650
651
653
654
656
657
659
660
662
663
665
666
668
669
671
672
674
675
677
678
680
681
683
685
686
687
689
690
692
693
695
696
698
699
701
702
704
705
707
708
710
711
713
714
716
717
719
720
722
723
725
726
728
729
731
732
734
735
737
738
740
741
743
744
746
747
749
750
752
753
755
756
758
759
761
762
764
765
767
768
770
771
773
774
776
777
779
780
782
783
785
786
788
789
791
793
794
795
797
798
800
801
803
804
806
807
809
810
812
813
815
816
818
819
821
822
824
825
827
828
830
831
833
834
836
837
839
840
842
843
845
846
848
849
851
852
854
855
857
858
860
861
863
864
866
867
869
870
872
873
875
876
878
879
881
882
884
885
887
888
890
891
893
894
896
897
899
901
902
903
905
906
908
909
911
912
914
915
917
918
920
921
923
924
926
927
929
930
932
933
935
936
938
939
941
942
944
945
947
948
950
951
953
954
956
957
959
960
962
963
965
966
968
969
971
972
974
975
977
978
980
981
983
984
986
987
989
990
992
993
995
996
998
999
1001
1002
1004
1005
1007
1009
1010
1011
1013
1014
1016
1017
1019
1020
1022
1023
1025
1026
1028
1029
1031
1032
1034
1035
1037
1038
1040
1041
1043
1044
1046
1047
1049
1050
1052
1053
1055
1056
1058
1059
1061
1062
1064
1065
1067
1068
1070
1071
1073
1074
1076
1077
1079
1080
1082
1083
1085
1086
1088
1089
1091
1092
1094
1095
1097
1098
1100
1101
1103
1104
1106
1107
1109
1110
1112
1113
1115
1117
1118
1119
1121
1122
1124
1125
1127
1128
1130
1131
1133
1134
1136
1137
1139
1140
1142
1143
1145
1146
1148
1149
1151
1152
1154
1155
1157
1158
1160
1161
1163
1164
1166
1167
1169
1170
1172
1173
1175
1176
1178
1179
1181
1182
1184
1185
1187
1188
1190
1191
1193
1194
1196
1197
1199
1200
1202
1203
1205
1206
1208
1209
1211
1212
1214
1215
1217
1218
1220
1221
1223
1225
1226
1227
1229
1230
1232
1233
1235
1236
1238
1239
1241
1242
1244
1245
1247
1248
1250
1251
1253
1254
1256
1257
1259
1260
1262
1263
1265
1266
1268
1269
1271
1272
1274
1275
1277
1278
1280
1281
1283
1284
1286
1287
1289
1290
1292
1293
1295
1296
1298
1299
1301
1302
1304
1305
1307
1308
1310
1311
1313
1314
1316
1317
1319
1320
1322
1323
1325
1326
1328
1329
1331
1333
1334
1335
1337
1338
1340
1341
1343
1344
1346
1347
1349
1350
1352
1353
1355
1356
1358
1359
1361
1362
1364
1365
1367
1368
1370
1371
1373
1374
1376
1377
1379
1380
1382
1383
1385
1386
1388
1389
1391
1392
1394
1395
1397
1398
1400
1401
1403
1404
1406
1407
1409
1410
1412
1413
1415
1416
1418
1419
1421
1422
1424
1425
1427
1428
1430
1431
1433
1434
1436
1437
1439
1441
1442
1443
1445
1446
1448
1449
1451
1452
1454
1455
1457
1458
1460
1461
1463
1464
1466
1467
1469
1470
1472
1473
1475
1476
1478
1479
1481
1482
1484
1485
1487
1488
1490
1491
1493
1494
1496
1497
1499
1500
1502
1503
1505
1506
1508
1509
1511
1512
1514
1515
1517
1518
1520
1521
1523
1524
1526
1527
1529
1530
1532
1533
1535
1536
1538
1539
1541
1542
1544
1545
1547
1549
1550
1551
1553
1554
1556
1557
1559
1560
1562
1563
1565
1566
1568
1569
1571
1572
1574
1575
1577
1578
1580
1581
1583
1584
1586
1587
1589
1590
1592
1593
1595
1596
1598
1599
1601
1602
1604
1605
1607
1608
1610
1611
1613
1614
1616
1617
1619
1620
1622
1623
1625
1626
1628
1629
1631
1632
1634
1635
1637
1638
1640
1641
1643
1644
1646
1647
1649
1650
1652
1653
1655
1657
1658
1659
1661
1662
1664
1665
1667
1668
1670
1671
1673
1674
1676
1677
1679
1680
1682
1683
1685
1686
1688
1689
1691
1692
1694
1695
1697
1698
1700
1701
1703
1704
1706
1707
1709
1710
1712
1713
1715
1716
1718
1719
1721
1722
1724
1725
1727
1728
1730
1731
1733
1734
1736
1737
1739
1740
1742
1743
1745
1746
1748
1749
1751
1752
1754
1755
1757
1758
1760
1761
1763
1765
1766
1767
1769
1770
1772
1773
1775
1776
1778
1779
1781
1782
1784
1785
1787
1788
1790
1791
1793
1794
1796
1797
1799
1800
1802
1803
1805
1806
1808
1809
1811
1812
1814
1815
1817
1818
1820
1821
1823
1824
1826
1827
1829
1830
1832
1833
1835
1836
1838
1839
1841
1842
1844
1845
1847
1848
1850
1851
1853
1854
1856
1857
1859
1860
1862
1863
1865
1866
1868
1869
1871
1873
1874
1875
1877
1878
1880
1881
1883
1884
1886
1887
1889
1890
1892
1893
1895
1896
1898
1899
1901
1902
1904
1905
1907
1908
1910
1911
1913
1914
1916
1917
1919
1920
1922
1923
1925
1926
1928
1929
1931
1932
1934
1935
1937
1938
1940
1941
1943
1944
1946
1947
1949
1950
1952
1953
1955
1956
1958
1959
1961
1962
1964
1965
1967
1968
1970
1971
1973
1974
1976
1977
1979
1981
1982
1983
1985
1986
1988
1989
1991
1992
1994
1995
1997
1998
2000
2001
2003
2004
2006
2007
2009
2010
2012
2013
2015
2016
2018
2019
2021
2022
2024
2025
2027
2028
2030
2031
2033
2034
2036
2037
2039
2040
2042
2043
2045
2046
2048
2049
2051
2052
2054
2055
2057
2058
2060
2061
2063
2064
2066
2067
2069
2070
2072
2073
2075
2076
2078
2079
2081
2082
2084
2085
2087
2089
2090
2091
2093
2094
2096
2097
2099
2100
2102
2103
2105
2106
2108
2109
2111
2112
2114
2115
2117
2118
2120
2121
2123
2124
2126
2127
2129
2130
2132
2133
2135
2136
2138
2139
2141
2142
2144
2145
2147
2148
2150
2151
2153
2154
2156
2157
2159
2160
2162
2163
2165
2166
2168
2169
2171
2172
2174
2175
2177
2178
2180
2181
2183
2184
2186
2187
2189
2190
2192
2193
2195
2197
2198
2199
2201
2202
2204
2205
2207
2208
2210
2211
2213
2214
2216
2217
2219
2220
2222
2223
2225
2226
2228
2229
2231
2232
2234
2235
2237
2238
2240
2241
2243
2244
2246
2247
2249
2250
2252
2253
2255
2256
2258
2259
2261
2262
2264
2265
2267
2268
2270
2271
2273
2274
2276
2277
2279
2280
2282
2283
2285
2286
2288
2289
2291
2292
2294
2295
2297
2298
2300
2301
2303
2305
2306
2307
2309
2310
2312
2313
2315
2316
2318
2319
2321
2322
2324
2325
2327
2328
2330
2331
2333
2334
2336
2337
2339
2340
2342
2343
2345
2346
2348
2349
2351
2352
2354
2355
2357
2358
2360
2361
2363
2364
2366
2367
2369
2370
2372
2373
2375
2376
2378
2379
2381
2382
2384
2385
2387
2388
2390
2391
2393
2394
2396
2397
2399
2400
2402
2403
2405
2406
2408
2409
2411
2413
2414
2415
2417
2418
2420
2421
2423
2424
2426
2427
2429
2430
2432
2433
2435
2436
2438
2439
2441
2442
2444
2445
2447
2448
2450
2451
2453
2454
2456
2457
2459
2460
2462
2463
2465
2466
2468
2469
2471
2472
2474
2475
2477
2478
2480
2481
2483
2484
2486
2487
2489
2490
2492
2493
2495
2496
2498
2499
2501
2502
2504
2505
2507
2508
2510
2511
2513
2514
2516
2517
2519
2521
2522
2523
2525
2526
2528
2529
2531
2532
2534
2535
2537
2538
2540
2541
2543
2544
2546
2547
2549
2550
2552
2553
2555
2556
2558
2559
2561
2562
2564
2565
2567
2568
2570
2571
2573
2574
2576
2577
2579
2580
2582
2583
2585
2586
2588
2589
2591
2592
2594
2595
2597
2598
2600
2601
2603
2604
2606
2607
2609
2610
2612
2613
2615
2616
2618
2619
2621
2622
2624
2625
2627
2629
2630
2631
2633
2634
2636
2637
2639
2640
2642
2643
2645
2646
2648
2649
2651
2652
2654
2655
2657
2658
2660
2661
2663
2664
2666
2667
2669
2670
2672
2673
2675
2676
2678
2679
2681
2682
2684
2685
2687
2688
2690
2691
2693
2694
2696
2697
2699
2700
2702
2703
2705
2706
2708
2709
2711
2712
2714
2715
2717
2718
2720
2721
2723
2724
2726
2727
2729
2730
2732
2733
2735
2737
2738
2739
2741
2742
2744
2745
2747
2748
2750
2751
2753
2754
2756
2757
2759
2760
2762
2763
2765
2766
2768
2769
2771
2772
2774
2775
2777
2778
2780
2781
2783
2784
2786
2787
2789
2790
2792
2793
2795
2796
2798
2799
2801
2802
2804
2805
2807
2808
2810
2811
2813
2814
2816
2817
2819
2820
2822
2823
2825
2826
2828
2829
2831
2832
2834
2835
2837
2838
2840
2841
2843
2845
2846
2847
2849
2850
2852
2853
2855
2856
2858
2859
2861
2862
2864
2865
2867
2868
2870
2871
2873
2874
2876
2877
2879
2880
2882
2883
2885
2886
2888
2889
2891
2892
2894
2895
2897
2898
2900
2901
2903
2904
2906
2907
2909
2910
2912
2913
2915
2916
2918
2919
2921
2922
2924
2925
2927
2928
2930
2931
2933
2934
2936
2937
2939
2940
2942
2943
2945
2946
2948
2949
2951
2953
2954
2955
2957
2958
2960
2961
2963
2964
2966
2967
2969
2970
2972
2973
2975
2976
2978
2979
2981
2982
2984
2985
2987
2988
2990
2991
2993
2994
2996
2997
2999
3000
3002
3003
3005
3006
3008
3009
3011
3012
3014
3015
3017
3018
3020
3021
3023
3024
3026
3027
3029
3030
3032
3033
3035
3036
3038
3039
3041
3042
3044
3045
3047
3048
3050
3051
3053
3054
3056
3057
3059
3061
3062
3063
3065
3066
3068
3069
3071
3072
3074
3075
3077
3078
3080
3081
3083
3084
3086
3087
3089
3090
3092
3093
3095
3096
3098
3099
3101
3102
3104
3105
3107
3108
3110
3111
3113
3114
3116
3117
3119
3120
3122
3123
3125
3126
3128
3129
3131
3132
3134
3135
3137
3138
3140
3141
3143
3144
3146
3147
3149
3150
3152
3153
3155
3156
3158
3159
3161
3162
3164
3165
3167
3169
3170
3171
3173
3174
3176
3177
3179
3180
3182
3183
3185
3186
3188
3189
3191
3192
3194
3195
3197
3198
3200
3201
3203
3204
3206
3207
3209
3210
3212
3213
3215
3216
3218
3219
3221
3222
3224
3225
3227
3228
3230
3231
3233
3234
3236
3237
3239
3240
3242
3243
3245
3246
3248
3249
3251
3252
3254
3255
3257
3258
3260
3261
3263
3264
3266
3267
3269
3270
3272
3273
3275
3277
3278
3279
3281
3282
3284
3285
3287
3288
3290
3291
3293
3294
3296
3297
3299
3300
3302
3303
3305
3306
3308
3309
3311
3312
3314
3315
3317
3318
3320
3321
3323
3324
3326
3327
3329
3330
3332
3333
3335
3336
3338
3339
3341
3342
3344
3345
3347
3348
3350
3351
3353
3354
3356
3357
3359
3360
3362
3363
3365
3366
3368
3369
3371
3372
3374
3375
3377
3378
3380
3381
3383
3385
3386
3387
3389
3390
3392
3393
3395
3396
3398
3399
3401
3402
3404
3405
3407
3408
3410
3411
3413
3414
3416
3417
3419
3420
3422
3423
3425
3426
3428
3429
3431
3432
3434
3435
3437
3438
3440
3441
3443
3444
3446
3447
3449
3450
3452
3453
3455
3456
3458
3459
3461
3462
3464
3465
3467
3468
3470
3471
3473
3474
3476
3477
3479
3480
3482
3483
3485
3486
3488
3489
3491
3493
3494
3495
3497
3498
3500
3501
3503
3504
3506
3507
3509
3510
3512
3513
3515
3516
3518
3519
3521
3522
3524
3525
3527
3528
3530
3531
3533
3534
3536
3537
3539
3540
3542
3543
3545
3546
3548
3549
3551
3552
3554
3555
3557
3558
3560
3561
3563
3564
3566
3567
3569
3570
3572
3573
3575
3576
3578
3579
3581
3582
3584
3585
3587
3588
3590
3591
3593
3594
3596
3597
3599
3601
3602
3603
3605
3606
3608
3609
3611
3612
3614
3615
3617
3618
3620
3621
3623
3624
3626
3627
3629
3630
3632
3633
3635
3636
3638
3639
3641
3642
3644
3645
3647
3648
3650
3651
3653
3654
3656
3657
3659
3660
3662
3663
3665
3666
3668
3669
3671
3672
3674
3675
3677
3678
3680
3681
3683
3684
3686
3687
3689
3690
3692
3693
3695
3696
3698
3699
3701
3702
3704
3705
3707
3709
3710
3711
3713
3714
3716
3717
3719
3720
3722
3723
3725
3726
3728
3729
3731
3732
3734
3735
3737
3738
3740
3741
3743
3744
3746
3747
3749
3750
3752
3753
3755
3756
3758
3759
3761
3762
3764
3765
3767
3768
3770
3771
3773
3774
3776
3777
3779
3780
3782
3783
3785
3786
3788
3789
3791
3792
3794
3795
3797
3798
3800
3801
3803
3804
3806
3807
3809
3810
3812
3813
3815
3817
3818
3819
3821
3822
3824
3825
3827
3828
3830
3831
3833
3834
3836
3837
3839
3840
3842
3843
3845
3846
3848
3849
3851
3852
3854
3855
3857
3858
3860
3861
3863
3864
3866
3867
3869
3870
3872
3873
3875
3876
3878
3879
3881
3882
3884
3885
3887
3888
3890
3891
3893
3894
3896
3897
3899
3900
3902
3903
3905
3906
3908
3909
3911
3912
3914
3915
3917
3918
3920
3921
3923
3925
3926
3927
3929
3930
3932
3933
3935
3936
3938
3939
3941
3942
3944
3945
3947
3948
3950
3951
3953
3954
3956
3957
3959
3960
3962
3963
3965
3966
3968
3969
3971
3972
3974
3975
3977
3978
3980
3981
3983
3984
3986
3987
3989
3990
3992
3993
3995
3996
3998
3999
4001
4002
4004
4005
4007
4008
4010
4011
4013
4014
4016
4017
4019
4020
4022
4023
4025
4026
4028
4029
4031
4033
4034
4035
4037
4038
4040
4041
4043
4044
4046
4047
4049
4050
4052
4053
4055
4056
4058
4059
4061
4062
4064
4065
4067
4068
4070
4071
4073
4074
4076
4077
4079
4080
4082
4083
4085
4086
4088
4089
4091
4092
4094
4095
4097
4098
4100
4101
4103
4104
4106
4107
4109
4110
4112
4113
4115
4116
4118
4119
4121
4122
4124
4125
4127
4128
4130
4131
4133
4134
4136
4137
4139
4141
4142
4143
4145
4146
4148
4149
4151
4152
4154
4155
4157
4158
4160
4161
4163
4164
4166
4167
4169
4170
4172
4173
4175
4176
4178
4179
4181
4182
4184
4185
4187
4188
4190
4191
4193
4194
4196
4197
4199
4200
4202
4203
4205
4206
4208
4209
4211
4212
4214
4215
4217
4218
4220
4221
4223
4224
4226
4227
4229
4230
4232
4233
4235
4236
4238
4239
4241
4242
4244
4245
4247
4249
4250
4251
4253
4254
4256
4257
4259
4260
4262
4263
4265
4266
4268
4269
4271
4272
4274
4275
4277
4278
4280
4281
4283
4284
4286
4287
4289
4290
4292
4293
4295
4296
4298
4299
4301
4302
4304
4305
4307
4308
4310
4311
4313
4314
4316
4317
4319
4320
4322
4323
4325
4326
4328
4329
4331
4332
4334
4335
4337
4338
4340
4341
4343
4344
4346
4347
4349
4350
4352
4353
4355
4357
4358
4359
4361
4362
4364
4365
4367
4368
4370
4371
4373
4374
4376
4377
4379
4380
4382
4383
4385
4386
4388
4389
4391
4392
4394
4395
4397
4398
4400
4401
4403
4404
4406
4407
4409
4410
4412
4413
4415
4416
4418
4419
4421
4422
4424
4425
4427
4428
4430
4431
4433
4434
4436
4437
4439
4440
4442
4443
4445
4446
4448
4449
4451
4452
4454
4455
4457
4458
4460
4461
4463
4465
4466
4467
4469
4470
4472
4473
4475
4476
4478
4479
4481
4482
4484
4485
4487
4488
4490
4491
4493
4494
4496
4497
4499
4500
4502
4503
4505
4506
4508
4509
4511
4512
4514
4515
4517
4518
4520
4521
4523
4524
4526
4527
4529
4530
4532
4533
4535
4536
4538
4539
4541
4542
4544
4545
4547
4548
4550
4551
4553
4554
4556
4557
4559
4560
4562
4563
4565
4566
4568
4569
4571
4573
4574
4575
4577
4578
4580
4581
4583
4584
4586
4587
4589
4590
4592
4593
4595
4596
4598
4599
4601
4602
4604
4605
4607
4608
4610
4611
4613
4614
4616
4617
4619
4620
4622
4623
4625
4626
4628
4629
4631
4632
4634
4635
4637
4638
4640
4641
4643
4644
4646
4647
4649
4650
4652
4653
4655
4656
4658
4659
4661
4662
4664
4665
4667
4668
4670
4671
4673
4674
4676
4677
4679
4681
4682
4683
4685
4686
4688
4689
4691
4692
4694
4695
4697
4698
4700
4701
4703
4704
4706
4707
4709
4710
4712
4713
4715
4716
4718
4719
4721
4722
4724
4725
4727
4728
4730
4731
4733
4734
4736
4737
4739
4740
4742
4743
4745
4746
4748
4749
4751
4752
4754
4755
4757
4758
4760
4761
4763
4764
4766
4767
4769
4770
4772
4773
4775
4776
4778
4779
4781
4782
4784
4785
4787
4789
4790
4791
4793
4794
4796
4797
4799
4800
4802
4803
4805
4806
4808
4809
4811
4812
4814
4815
4817
4818
4820
4821
4823
4824
4826
4827
4829
4830
4832
4833
4835
4836
4838
4839
4841
4842
4844
4845
4847
4848
4850
4851
4853
4854
4856
4857
4859
4860
4862
4863
4865
4866
4868
4869
4871
4872
4874
4875
4877
4878
4880
4881
4883
4884
4886
4887
4889
4890
4892
4893
4895
4897
4898
4899
4901
4902
4904
4905
4907
4908
4910
4911
4913
4914
4916
4917
4919
4920
4922
4923
4925
4926
4928
4929
4931
4932
4934
4935
4937
4938
4940
4941
4943
4944
4946
4947
4949
4950
4952
4953
4955
4956
4958
4959
4961
4962
4964
4965
4967
4968
4970
4971
4973
4974
4976
4977
4979
4980
4982
4983
4985
4986
4988
4989
4991
4992
4994
4995
4997
4998
5000
5001
5003
5005
5006
5007
5009
5010
5012
5013
5015
5016
5018
5019
5021
5022
5024
5025
5027
5028
5030
5031
5033
5034
5036
5037
5039
5040
5042
5043
5045
5046
5048
5049
5051
5052
5054
5055
5057
5058
5060
5061
5063
5064
5066
5067
5069
5070
5072
5073
5075
5076
5078
5079
5081
5082
5084
5085
5087
5088
5090
5091
5093
5094
5096
5097
5099
5100
5102
5103
5105
5106
5108
5109
5111
5113
5114
5115
5117
5118
5120
5121
5123
5124
5126
5127
5129
5130
5132
5133
5135
5136
5138
5139
5141
5142
5144
5145
5147
5148
5150
5151
5153
5154
5156
5157
5159
5160
5162
5163
5165
5166
5168
5169
5171
5172
5174
5175
5177
5178
5180
5181
5183
5184
5186
5187
5189
5190
5192
5193
5195
5196
5198
5199
5201
5202
5204
5205
5207
5208
5210
5211
5213
5214
5216
5217
5219
5221
5222
5223
5225
5226
5228
5229
5231
5232
5234
5235
5237
5238
5240
5241
5243
5244
5246
5247
5249
5250
5252
5253
5255
5256
5258
5259
5261
5262
5264
5265
5267
5268
5270
5271
5273
5274
5276
5277
5279
5280
5282
5283
5285
5286
5288
5289
5291
5292
5294
5295
5297
5298
5300
5301
5303
5304
5306
5307
5309
5310
5312
5313
5315
5316
5318
5319
5321
5322
5324
5325
5327
5329
5330
5331
5333
5334
5336
5337
5339
5340
5342
5343
5345
5346
5348
5349
5351
5352
5354
5355
5357
5358
5360
5361
5363
5364
5366
5367
5369
5370
5372
5373
5375
5376
5378
5379
5381
5382
5384
5385
5387
5388
5390
5391
5393
5394
5396
5397
5399
5400
5402
5403
5405
5406
5408
5409
5411
5412
5414
5415
5417
5418
5420
5421
5423
5424
5426
5427
5429
5430
5432
5433
5435
5437
5438
5439
5441
5442
5444
5445
5447
5448
5450
5451
5453
5454
5456
5457
5459
5460
5462
5463
5465
5466
5468
5469
5471
5472
5474
5475
5477
5478
5480
5481
5483
5484
5486
5487
5489
5490
5492
5493
5495
5496
5498
5499
5501
5502
5504
5505
5507
5508
5510
5511
5513
5514
5516
5517
5519
5520
5522
5523
5525
5526
5528
5529
5531
5532
5534
5535
5537
5538
5540
5541
5543
5545
5546
5547
5549
5550
5552
5553
5555
5556
5558
5559
5561
5562
5564
5565
5567
5568
5570
5571
5573
5574
5576
5577
5579
5580
5582
5583
5585
5586
5588
5589
5591
5592
5594
5595
5597
5598
5600
5601
5603
5604
5606
5607
5609
5610
5612
5613
5615
5616
5618
5619
5621
5622
5624
5625
5627
5628
5630
5631
5633
5634
5636
5637
5639
5640
5642
5643
5645
5646
5648
5649
5651
5653
5654
5655
5657
5658
5660
5661
5663
5664
5666
5667
5669
5670
5672
5673
5675
5676
5678
5679
5681
5682
5684
5685
5687
5688
5690
5691
5693
5694
5696
5697
5699
5700
5702
5703
5705
5706
5708
5709
5711
5712
5714
5715
5717
5718
5720
5721
5723
5724
5726
5727
5729
5730
5732
5733
5735
5736
5738
5739
5741
5742
5744
5745
5747
5748
5750
5751
5753
5754
5756
5757
5759
5761
5762
5763
5765
5766
5768
5769
5771
5772
5774
5775
5777
5778
5780
5781
5783
5784
5786
5787
5789
5790
5792
5793
5795
5796
5798
5799
5801
5802
5804
5805
5807
5808
5810
5811
5813
5814
5816
5817
5819
5820
5822
5823
5825
5826
5828
5829
5831
5832
5834
5835
5837
5838
5840
5841
5843
5844
5846
5847
5849
5850
5852
5853
5855
5856
5858
5859
5861
5862
5864
5865
5867
5869
5870
5871
5873
5874
5876
5877
5879
5880
5882
5883
5885
5886
5888
5889
5891
5892
5894
5895
5897
5898
5900
5901
5903
5904
5906
5907
5909
5910
5912
5913
5915
5916
5918
5919
5921
5922
5924
5925
5927
5928
5930
5931
5933
5934
5936
5937
5939
5940
5942
5943
5945
5946
5948
5949
5951
5952
5954
5955
5957
5958
5960
5961
5963
5964
5966
5967
5969
5970
5972
5973
5975
5977
5978
5979
5981
5982
5984
5985
5987
5988
5990
5991
5993
5994
5996
5997
5999
6000
6002
6003
6005
6006
6008
6009
6011
6012
6014
6015
6017
6018
6020
6021
6023
6024
6026
6027
6029
6030
6032
6033
6035
6036
6038
6039
6041
6042
6044
6045
6047
6048
6050
6051
6053
6054
6056
6057
6059
6060
6062
6063
6065
6066
6068
6069
6071
6072
6074
6075
6077
6078
6080
6081
6083
6085
6086
6087
6089
6090
6092
6093
6095
6096
6098
6099
6101
6102
6104
6105
6107
6108
6110
6111
6113
6114
6116
6117
6119
6120
6122
6123
6125
6126
6128
6129
6131
6132
6134
6135
6137
6138
6140
6141
6143
6144
6146
6147
6149
6150
6152
6153
6155
6156
6158
6159
6161
6162
6164
6165
6167
6168
6170
6171
6173
6174
6176
6177
6179
6180
6182
6183
6185
6186
6188
6189
6191
6193
6194
6195
6197
6198
6200
6201
6203
6204
6206
6207
6209
6210
6212
6213
6215
6216
6218
6219
6221
6222
6224
6225
6227
6228
6230
6231
6233
6234
6236
6237
6239
6240
6242
6243
6245
6246
6248
6249
6251
6252
6254
6255
6257
6258
6260
6261
6263
6264
6266
6267
6269
6270
6272
6273
6275
6276
6278
6279
6281
6282
6284
6285
6287
6288
6290
6291
6293
6294
6296
6297
6299
6301
6302
6303
6305
6306
6308
6309
6311
6312
6314
6315
6317
6318
6320
6321
6323
6324
6326
6327
6329
6330
6332
6333
6335
6336
6338
6339
6341
6342
6344
6345
6347
6348
6350
6351
6353
6354
6356
6357
6359
6360
6362
6363
6365
6366
6368
6369
6371
6372
6374
6375
6377
6378
6380
6381
6383
6384
6386
6387
6389
6390
6392
6393
6395
6396
6398
6399
6401
6402
6404
6405
6407
6409
6410
6411
6413
6414
6416
6417
6419
6420
6422
6423
6425
6426
6428
6429
6431
6432
6434
6435
6437
6438
6440
6441
6443
6444
6446
6447
6449
6450
6452
6453
6455
6456
6458
6459
6461
6462
6464
6465
6467
6468
6470
6471
6473
6474
6476
6477
6479
6480
6482
6483
6485
6486
6488
6489
6491
6492
6494
6495
6497
6498
6500
6501
6503
6504
6506
6507
6509
6510
6512
6513
6515
6517
6518
6519
6521
6522
6524
6525
6527
6528
6530
6531
6533
6534
6536
6537
6539
6540
6542
6543
6545
6546
6548
6549
6551
6552
6554
6555
6557
6558
6560
6561
6563
6564
6566
6567
6569
6570
6572
6573
6575
6576
6578
6579
6581
6582
6584
6585
6587
6588
6590
6591
6593
6594
6596
6597
6599
6600
6602
6603
6605
6606
6608
6609
6611
6612
6614
6615
6617
6618
6620
6621
6623
6625
6626
6627
6629
6630
6632
6633
6635
6636
6638
6639
6641
6642
6644
6645
6647
6648
6650
6651
6653
6654
6656
6657
6659
6660
6662
6663
6665
6666
6668
6669
6671
6672
6674
6675
6677
6678
6680
6681
6683
6684
6686
6687
6689
6690
6692
6693
6695
6696
6698
6699
6701
6702
6704
6705
6707
6708
6710
6711
6713
6714
6716
6717
6719
6720
6722
6723
6725
6726
6728
6729
6731
6733
6734
6735
6737
6738
6740
6741
6743
6744
6746
6747
6749
6750
6752
6753
6755
6756
6758
6759
6761
6762
6764
6765
6767
6768
6770
6771
6773
6774
6776
6777
6779
6780
6782
6783
6785
6786
6788
6789
6791
6792
6794
6795
6797
6798
6800
6801
6803
6804
6806
6807
6809
6810
6812
6813
6815
6816
6818
6819
6821
6822
6824
6825
6827
6828
6830
6831
6833
6834
6836
6837
6839
6841
6842
6843
6845
6846
6848
6849
6851
6852
6854
6855
6857
6858
6860
6861
6863
6864
6866
6867
6869
6870
6872
6873
6875
6876
6878
6879
6881
6882
6884
6885
6887
6888
6890
6891
6893
6894
6896
6897
6899
6900
6902
6903
6905
6906
6908
6909
6911
6912
6914
6915
6917
6918
6920
6921
6923
6924
6926
6927
6929
6930
6932
6933
6935
6936
6938
6939
6941
6942
6944
6945
6947
6949
6950
6951
6953
6954
6956
6957
6959
6960
6962
6963
6965
6966
6968
6969
6971
6972
6974
6975
6977
6978
6980
6981
6983
6984
6986
6987
6989
6990
6992
6993
6995
6996
6998
6999
7001
7002
7004
7005
7007
7008
7010
7011
7013
7014
7016
7017
7019
7020
7022
7023
7025
7026
7028
7029
7031
7032
7034
7035
7037
7038
7040
7041
7043
7044
7046
7047
7049
7050
7052
7053
7055
7057
7058
7059
7061
7062
7064
7065
7067
7068
7070
7071
7073
7074
7076
7077
7079
7080
7082
7083
7085
7086
7088
7089
7091
7092
7094
7095
7097
7098
7100
7101
7103
7104
7106
7107
7109
7110
7112
7113
7115
7116
7118
7119
7121
7122
7124
7125
7127
7128
7130
7131
7133
7134
7136
7137
7139
7140
7142
7143
7145
7146
7148
7149
7151
7152
7154
7155
7157
7158
7160
7161
7163
7165
7166
7167
7169
7170
7172
7173
7175
7176
7178
7179
7181
7182
7184
7185
7187
7188
7190
7191
7193
7194
7196
7197
7199
7200
7202
7203
7205
7206
7208
7209
7211
7212
7214
7215
7217
7218
7220
7221
7223
7224
7226
7227
7229
7230
7232
7233
7235
7236
7238
7239
7241
7242
7244
7245
7247
7248
7250
7251
7253
7254
7256
7257
7259
7260
7262
7263
7265
7266
7268
7269
7271
7273
7274
7275
7277
7278
7280
7281
7283
7284
7286
7287
7289
7290
7292
7293
7295
7296
7298
7299
7301
7302
7304
7305
7307
7308
7310
7311
7313
7314
7316
7317
7319
7320
7322
7323
7325
7326
7328
7329
7331
7332
7334
7335
7337
7338
7340
7341
7343
7344
7346
7347
7349
7350
7352
7353
7355
7356
7358
7359
7361
7362
7364
7365
7367
7368
7370
7371
7373
7374
7376
7377
7379
7381
7382
7383
7385
7386
7388
7389
7391
7392
7394
7395
7397
7398
7400
7401
7403
7404
7406
7407
7409
7410
7412
7413
7415
7416
7418
7419
7421
7422
7424
7425
7427
7428
7430
7431
7433
7434
7436
7437
7439
7440
7442
7443
7445
7446
7448
7449
7451
7452
7454
7455
7457
7458
7460
7461
7463
7464
7466
7467
7469
7470
7472
7473
7475
7476
7478
7479
7481
7482
7484
7485
7487
7489
7490
7491
7493
7494
7496
7497
7499
7500
7502
7503
7505
7506
7508
7509
7511
7512
7514
7515
7517
7518
7520
7521
7523
7524
7526
7527
7529
7530
7532
7533
7535
7536
7538
7539
7541
7542
7544
7545
7547
7548
7550
7551
7553
7554
7556
7557
7559
7560
7562
7563
7565
7566
7568
7569
7571
7572
7574
7575
7577
7578
7580
7581
7583
7584
7586
7587
7589
7590
7592
7593
7595
7597
7598
7599
7601
7602
7604
7605
7607
7608
7610
7611
7613
7614
7616
7617
7619
7620
7622
7623
7625
7626
7628
7629
7631
7632
7634
7635
7637
7638
7640
7641
7643
7644
7646
7647
7649
7650
7652
7653
7655
7656
7658
7659
7661
7662
7664
7665
7667
7668
7670
7671
7673
7674
7676
7677
7679
7680
7682
7683
7685
7686
7688
7689
7691
7692
7694
7695
7697
7698
7700
7701
7703
7705
7706
7707
7709
7710
7712
7713
7715
7716
7718
7719
7721
7722
7724
7725
7727
7728
7730
7731
7733
7734
7736
7737
7739
7740
7742
7743
7745
7746
7748
7749
7751
7752
7754
7755
7757
7758
7760
7761
7763
7764
7766
7767
7769
7770
7772
7773
7775
7776
7778
7779
7781
7782
7784
7785
7787
7788
7790
7791
7793
7794
7796
7797
7799
7800
7802
7803
7805
7806
7808
7809
7811
7813
7814
7815
7817
7818
7820
7821
7823
7824
7826
7827
7829
7830
7832
7833
7835
7836
7838
7839
7841
7842
7844
7845
7847
7848
7850
7851
7853
7854
7856
7857
7859
7860
7862
7863
7865
7866
7868
7869
7871
7872
7874
7875
7877
7878
7880
7881
7883
7884
7886
7887
7889
7890
7892
7893
7895
7896
7898
7899
7901
7902
7904
7905
7907
7908
7910
7911
7913
7914
7916
7917
7919
7921
7922
7924
7926
7928
7930
7932
7934
7936
7938
7940
7942
7944
7946
7948
7950
7952
7954
7956
7958
7960
7962
7964
7966
7968
7970
7972
7974
7976
7978
7980
7982
7984
7986
7988
7990
7993
7994
7995
7996
7997
7998
7999
8000
8001
8002
8003
8004
8005
8006
8007
8008
8009
8010
8011
8012
8013
8014
8015
8016
8017
8018
8019
8020
8021
8022
8023
8024
8025
8026
8027
8028
8029
8030
8031
8032
8033
8034
8035
8036
8037
8038
8039
8040
8041
8042
8043
8044
8045
8046
8047
8048
8049
8050
8051
8052
8053
8054
8055
8056
8057
8058
8059
8060
8061
8062
8063
8064
101305
101306
101307
101308
101309
101310
101311
101312
101313
101314
101315
101316
101317
101318
101319
101320
101321
101322
101323
101324
101325
101326
101327
101328
101329
101330
101331
101332
101333
101334
101335
101336
101337
101338
101339
101340
101341
101342
101343
101344
101345
101346
101347
101348
101349
101350
101351
101352
101353
101354
101355
101356
101357
101358
101359
101360
101361
101362
101363
101364
101365
101366
101367
101368
101369
101370
101371
101372
101373
101374
101375
101376
101377
101378
101379
101380
101381
101382
101383
101384
101385
101386
101387
101388
101389
101390
101391
101392
101393
101394
101395
101396
101397
101398
101399
101400
101401
101402
101403
101404
101405
101406
101407
101408
101409
101410
101411
101412
101413
101414
101415
101416
101417
101418
101419
101420
101421
101422
101423
101424
101425
101426
101427
101428
101429
101430
101431
101432
101433
101434
101435
101436
101437
101438
101439
101440
101441
101442
101443
101444
101445
101446
101447
101448
101449
101450
101451
101452
101453
101454
101455
101456
101457
101458
101459
101460
101461
101462
101463
101464
101465
101466
101467
101468
101469
101470
101471
101472
101473
101474
101475
101476
101477
101478
101479
101480
101481
101482
101483
101484
101485
101486
101487
101488
101489
101490
101491
101492
101493
101494
101495
101496
101497
101498
101499
101500
101501
101502
101503
101504
101505
101506
101507
101508
101509
101510
101511
101512
101513
101514
101515
101516
101517
101518
101519
101520
101521
101522
101523
101524
101525
101526
101527
101528
101529
101530
101531
101532
101533
101534
101535
101536
101537
101538
101539
101540
101541
101542
101543
101544
101545
101546
101547
101548
101549
101550
101551
101552
101553
101554
101555
101556
101557
101558
101559
101560
101561
101562
101563
101564
101565
101566
101567
101568
101569
101570
101571
101572
101573
101574
101575
101576
101577
101578
101579
101580
101581
101582
101583
101584
101585
101586
101587
101588
101589
101590
101591
101592
101593
101594
101595
101596
101597
101598
101599
101600
101601
101602
101603
101604
101605
101606
101607
101608
101609
101610
101611
101612
101613
101614
101615
101616
101617
101618
101619
101620
101621
101622
101623
101624
101625
101626
101627
101628
101629
101630
101631
101632
101633
101634
101635
101636
101637
101638
101639
101640
101641
101642
101643
101644
101645
101646
101647
101648
101649
101650
101651
101652
101653
101654
101655
101656
101657
101658
101659
101660
101661
101662
101663
101664
101665
101666
101667
101668
101669
101670
101671
101672
101673
101674
101675
101676
101677
101678
101679
101680
101681
101682
101683
101684
101685
101686
101687
101688
101689
101690
101691
101692
101693
101694
101695
101696
101697
101698
101699
101700
101701
101702
101703
101704
101705
101706
101707
101708
101709
101710
101711
101712
101713
101714
101715
101716
101717
101718
101719
101720
101721
101722
101723
101724
101725
101726
101727
101728
101729
101730
101731
101732
101733
101734
101735
101736
101737
101738
101739
101740
101741
101742
101743
101744
101745
101746
101747
101748
101749
101750
101751
101752
101753
101754
101755
101756
101757
101758
101759
101760
101761
101762
101763
101764
101765
101766
101767
101768
101769
101770
101771
101772
101773
101774
101775
101776
101777
101778
101779
101780
101781
101782
101783
101784
101785
101786
101787
101788
101789
101790
101791
101792
101793
101794
101795
101796
101797
101798
101799
101800
101801
101802
101803
101804
101805
101806
101807
101808
101809
101810
101811
101812
101813
101814
101815
101816
101817
101818
101819
101820
101821
101822
101823
101824
101825
101826
101827
101828
101829
101830
101831
101832
101833
101834
101835
101836
101837
101838
101839
101840
101841
101842
101843
101844
101845
101846
101847
101848
101849
101850
101851
101852
101853
101854
101855
101856
101857
101858
101859
101860
101861
101862
101863
101864
101865
101866
101867
101868
101869
101870
101871
101872
101873
101874
101875
101876
101877
101878
101879
101880
101881
101882
101883
101884
101885
101886
101887
101888
101889
101890
101891
101892
101893
101894
101895
101896
101897
101898
101899
101900
101901
101902
101903
101904
101905
101906
101907
101908
101909
101910
101911
101912
101913
101914
101915
101916
101917
101918
101919
101920
101921
101922
101923
101924
101925
101926
101927
101928
101929
101930
101931
101932
101933
101934
101935
101936
101937
101938
101939
101940
101941
101942
101943
101944
101945
101946
101947
101948
101949
101950
101951
101952
101953
101954
101955
101956
101957
101958
101959
101960
101961
101962
101963
101964
101965
101966
101967
101968
101969
101970
101971
101972
101973
101974
101975
101976
101977
101978
101979
101980
101981
101982
101983
101984
101985
101986
101987
101988
101989
101990
101991
101992
101993
101994
101995
101996
101997
101998
101999
102000
102001
102002
102003
102004
102005
102006
102007
102008
102009
102010
102011
102012
102013
102014
102015
102016
102017
102018
102019
102020
102021
102022
102023
102024
102025
102026
102027
102028
102029
102030
102031
102032
102033
102034
102035
102036
102037
102038
102039
102040
102041
102042
102043
102044
102045
102046
102047
102048
102049
102050
102051
102052
102053
102054
102055
102056
102057
102058
102059
102060
102061
102062
102063
102064
102065
102066
102067
102068
102069
102070
102071
102072
102073
102074
102075
102076
102077
102078
102079
102080
102081
102082
102083
102084
102085
102086
102087
102088
102089
102090
102091
102092
102093
102094
102095
102096
102097
102098
102099
102100
102101
102102
102103
102104
102105
102106
102107
102108
102109
102110
102111
102112
102113
102114
102115
102116
102117
102118
102119
102120
102121
102122
102123
102124
102125
102126
102127
102128
102129
102130
102131
102132
102133
102134
102135
102136
102137
102138
102139
102140
102141
102142
102143
102144
102145
102146
102147
102148
102149
102150
102151
102152
102153
102154
102155
102156
102157
102158
102159
102160
102161
102162
102163
102164
102165
102166
102167
102168
102169
102170
102171
102172
102173
102174
102175
102176
102177
102178
102179
102180
102181
102182
102183
102184
102185
102186
102187
102188
102189
102190
102191
102192
102193
102194
102195
102196
102197
102198
102199
102200
102201
102202
102203
102204
102205
102206
102207
102208
102209
102210
102211
102212
102213
102214
102215
102216
102217
102218
102219
102220
102221
102222
102223
102224
102225
102226
102227
102228
102229
102230
102231
102232
102233
102234
102235
102236
102237
102238
102239
102240
102241
102242
102243
102244
102245
102246
102247
102248
102249
102250
102251
102252
102253
102254
102255
102256
102257
102258
102259
102260
102261
102262
102263
102264
102265
102266
102267
102268
102269
102270
102271
102272
102273
102274
102275
102276
102277
102278
102279
102280
102281
102282
102283
102284
102285
102286
102287
102288
102289
102290
102291
102292
102293
102294
102295
102296
102297
102298
102299
102300
102301
102302
102303
102304
102305
102306
102307
102308
102309
102310
102311
102312
102313
102314
102315
102316
102317
102318
102319
102320
102321
102322
102323
102324
102325
102326
102327
102328
102329
102330
102331
102332
102333
102334
102335
102336
102337
102338
102339
102340
102341
102342
102343
102344
102345
102346
102347
102348
102349
102350
102351
102352
102353
102354
102355
102356
102357
102358
102359
102360
102361
102362
102363
102364
102365
102366
102367
102368
102369
102370
102371
102372
102373
102374
102375
102376
102377
102378
102379
102380
102381
102382
102383
102384
102385
102386
102387
102388
102389
102390
102391
102392
102393
102394
102395
102396
102397
102398
102399
102400
102401
102402
102403
102404
102405
102406
102407
102408
102409
102410
102411
102412
102413
102414
102415
102416
102417
102418
102419
102420
102421
102422
102423
102424
102425
102426
102427
102428
102429
102430
102431
102432
102433
102434
102435
102436
102437
102438
102439
102440
102441
102442
102443
102444
102445
102446
102447
102448
102449
102450
102451
102452
102453
102454
102455
102456
102457
102458
102459
102460
102461
102462
102463
102464
102465
102466
102467
102468
102469
102470
102471
102472
102473
102474
102475
102476
102477
102478
102479
102480
102481
102482
102483
102484
102485
102486
102487
102488
102489
102490
102491
102492
102493
102494
102495
102496
102497
102498
102499
102500
102501
102502
102503
102504
102505
102506
102507
102508
102509
102510
102511
102512
102513
102514
102515
102516
102517
102518
102519
102520
102521
102522
102523
102524
102525
102526
102527
102528
102529
102530
102531
102532
102533
102534
102535
102536
102537
102538
102539
102540
102541
102542
102543
102544
102545
102546
102547
102548
102549
102550
102551
102552
102553
102554
102555
102556
102557
102558
102559
102560
102561
102562
102563
102564
102565
102566
102567
102568
102569
102570
102571
102572
102573
102574
102575
102576
102577
102578
102579
102580
102581
102582
102583
102584
102585
102586
102587
102588
102589
102590
102591
102592
102593
102594
102595
102596
102597
102598
102599
102600
102601
102602
102603
102604
102605
102606
102607
102608
102609
102610
102611
102612
102613
102614
102615
102616
102617
102618
102619
102620
102621
102622
102623
102624
102625
102626
102627
102628
102629
102630
102631
102632
102633
102634
102635
102636
102637
102638
102639
102640
102641
102642
102643
102644
102645
102646
102647
102648
102649
102650
102651
102652
102653
102654
102655
102656
102657
102658
102659
102660
102661
102662
102663
102664
102665
102666
102667
102668
102669
102670
102671
102672
102673
102674
102675
102676
102677
102678
102679
102680
102681
102682
102683
102684
102685
102686
102687
102688
102689
102690
102691
102692
102693
102694
102695
102696
102697
102698
102699
102700
102701
102702
102703
102704
102705
102706
102707
102708
102709
102710
102711
102712
102713
102714
102715
102716
102717
102718
102719
102720
102721
102722
102723
102724
102725
102726
102727
102728
102729
102730
102731
102732
102733
102734
102735
102736
102737
102738
102739
102740
102741
102742
102743
102744
102745
102746
102747
102748
102749
102750
102751
102752
102753
102754
102755
102756
102757
102758
102759
102760
102761
102762
102763
102764
102765
102766
102767
102768
102769
102770
102771
102772
102773
102774
102775
102776
102777
102778
102779
102780
102781
102782
102783
102784
102785
102786
102787
102788
102789
102790
102791
102792
102793
102794
102795
102796
102797
102798
102799
102800
102801
102802
102803
102804
102805
102806
102807
102808
102809
102810
102811
102812
102813
102814
102815
102816
102817
102818
102819
102820
102821
102822
102823
102824
102825
102826
102827
102828
102829
102830
102831
102832
102833
102834
102835
102836
102837
102838
102839
102840
102841
102842
102843
102844
102845
102846
102847
102848
102849
102850
102851
102852
102853
102854
102855
102856
102857
102858
102859
102860
102861
102862
102863
102864
102865
102866
102867
102868
102869
102870
102871
102872
102873
102874
102875
102876
102877
102878
102879
102880
102881
102882
102883
102884
102885
102886
102887
102888
102889
102890
102891
102892
102893
102894
102895
102896
102897
102898
102899
102900
102901
102902
102903
102904
102905
102906
102907
102908
102909
102910
102911
102912
102913
102914
102915
102916
102917
102918
102919
102920
102921
102922
102923
102924
102925
102926
102927
102928
102929
102930
102931
102932
102933
102934
102935
102936
102937
102938
102939
102940
102941
102942
102943
102944
102945
102946
102947
102948
102949
102950
102951
102952
102953
102954
102955
102956
102957
102958
102959
102960
102961
102962
102963
102964
102965
102966
102967
102968
102969
102970
102971
102972
102973
102974
102975
102976
102977
102978
102979
102980
102981
102982
102983
102984
102985
102986
102987
102988
102989
102990
102991
102992
102993
102994
102995
102996
102997
102998
102999
103000
103001
103002
103003
103004
103005
103006
103007
103008
103009
103010
103011
103012
103013
103014
103015
103016
103017
103018
103019
103020
103021
103022
103023
103024
103025
103026
103027
103028
103029
103030
103031
103032
103033
103034
103035
103036
103037
103038
103039
103040
103041
103042
103043
103044
103045
103046
103047
103048
103049
103050
103051
103052
103053
103054
103055
103056
103057
103058
103059
103060
103061
103062
103063
103064
103065
103066
103067
103068
103069
103070
103071
103072
103073
103074
103075
103076
103077
103078
103079
103080
103081
103082
103083
103084
103085
103086
103087
103088
103089
103090
103091
103092
103093
103094
103095
103096
103097
103098
103099
103100
103101
103102
103103
103104
103105
103106
103107
103108
103109
103110
103111
103112
103113
103114
103115
103116
103117
103118
103119
103120
103121
103122
103123
103124
103125
103126
103127
103128
103129
103130
103131
103132
103133
103134
103135
103136
103137
103138
103139
103140
103141
103142
103143
103144
103145
103146
103147
103148
103149
103150
103151
103152
103153
103154
103155
103156
103157
103158
103159
103160
103161
103162
103163
103164
103165
103166
103167
103168
103169
103170
103171
103172
103173
103174
103175
103176
103177
103178
103179
103180
103181
103182
103183
103184
103185
103186
103187
103188
103189
103190
103191
103192
103193
103194
103195
103196
103197
103198
103199
103200
103201
103202
103203
103204
103205
103206
103207
103208
103209
103210
103211
103212
103213
103214
103215
103216
103217
103218
103219
103220
103221
103222
103223
103224
103225
103226
103227
103228
103229
103230
103231
103232
103233
103234
103235
103236
103237
103238
103239
103240
103241
103242
103243
103244
103245
103246
103247
103248
103249
103250
103251
103252
103253
103254
103255
103256
103257
103258
103259
103260
103261
103262
103263
103264
103265
103266
103267
103268
103269
103270
103271
103272
103273
103274
103275
103276
103277
103278
103279
103280
103281
103282
103283
103284
103285
103286
103287
103288
103289
103290
103291
103292
103293
103294
103295
103296
103297
103298
103299
103300
103301
103302
103303
103304
103305
103306
103307
103308
103309
103310
103311
103312
103313
103314
103315
103316
103317
103318
103319
103320
103321
103322
103323
103324
103325
103326
103327
103328
103329
103330
103331
103332
103333
103334
103335
103336
103337
103338
103339
103340
103341
103342
103343
103344
103345
103346
103347
103348
103349
103350
103351
103352
103353
103354
103355
103356
103357
103358
103359
103360
103361
103362
103363
103364
103365
103366
103367
103368
103369
103370
103371
103372
103373
103374
103375
103376
103377
103378
103379
103380
103381
103382
103383
103384
103385
103386
103387
103388
103389
103390
103391
103392
103393
103394
103395
103396
103397
103398
103399
103400
103401
103402
103403
103404
103405
103406
103407
103408
103409
103410
103411
103412
103413
103414
103415
103416
103417
103418
103419
103420
103421
103422
103423
103424
103425
103426
103427
103428
103429
103430
103431
103432
103433
103434
103435
103436
103437
103438
103439
103440
103441
103442
103443
103444
103445
103446
103447
103448
103449
103450
103451
103452
103453
103454
103455
103456
103457
103458
103459
103460
103461
103462
103463
103464
103465
103466
103467
103468
103469
103470
103471
103472
103473
103474
103475
103476
103477
103478
103479
103480
103481
103482
103483
103484
103485
103486
103487
103488
103489
103490
103491
103492
103493
103494
103495
103496
103497
103498
103499
103500
103501
103502
103503
103504
103505
103506
103507
103508
103509
103510
103511
103512
103513
103514
103515
103516
103517
103518
103519
103520
103521
103522
103523
103524
103525
103526
103527
103528
103529
103530
103531
103532
103533
103534
103535
103536
103537
103538
103539
103540
103541
103542
103543
103544
103545
103546
103547
103548
103549
103550
103551
103552
103553
103554
103555
103556
103557
103558
103559
103560
103561
103562
103563
103564
103565
103566
103567
103568
103569
103570
103571
103572
103573
103574
103575
103576
103577
103578
103579
103580
103581
103582
103583
103584
103585
103586
103587
103588
103589
103590
103591
103592
103593
103594
103595
103596
103597
103598
103599
103600
103601
103602
103603
103604
103605
103606
103607
103608
103609
103610
103611
103612
103613
103614
103615
103616
103617
103618
103619
103620
103621
103622
103623
103624
103625
103626
103627
103628
103629
103630
103631
103632
103633
103634
103635
103636
103637
103638
103639
103640
103641
103642
103643
103644
103645
103646
103647
103648
103649
103650
103651
103652
103653
103654
103655
103656
103657
103658
103659
103660
103661
103662
103663
103664
103665
103666
103667
103668
103669
103670
103671
103672
103673
103674
103675
103676
103677
103678
103679
103680
103681
103682
103683
103684
103685
103686
103687
103688
103689
103690
103691
103692
103693
103694
103695
103696
103697
103698
103699
103700
103701
103702
103703
103704
103705
103706
103707
103708
103709
103710
103711
103712
103713
103714
103715
103716
103717
103718
103719
103720
103721
103722
103723
103724
103725
103726
103727
103728
103729
103730
103731
103732
103733
103734
103735
103736
103737
103738
103739
103740
103741
103742
103743
103744
103745
103746
103747
103748
103749
103750
103751
103752
103753
103754
103755
103756
103757
103758
103759
103760
103761
103762
103763
103764
103765
103766
103767
103768
103769
103770
103771
103772
103773
103774
103775
103776
103777
103778
103779
103780
103781
103782
103783
103784
103785
103786
103787
103788
103789
103790
103791
103792
103793
103794
103795
103796
103797
103798
103799
103800
103801
103802
103803
103804
103805
103806
103807
103808
103809
103810
103811
103812
103813
103814
103815
103816
103817
103818
103819
103820
103821
103822
103823
103824
103825
103826
103827
103828
103829
103830
103831
103832
103833
103834
103835
103836
103837
103838
103839
103840
103841
103842
103843
103844
103845
103846
103847
103848
103849
103850
103851
103852
103853
103854
103855
103856
103857
103858
103859
103860
103861
103862
103863
103864
103865
103866
103867
103868
103869
103870
103871
103872
103873
103874
103875
103876
103877
103878
103879
103880
103881
103882
103883
103884
103885
103886
103887
103888
103889
103890
103891
103892
103893
103894
103895
103896
103897
103898
103899
103900
103901
103902
103903
103904
103905
103906
103907
103908
103909
103910
103911
103912
103913
103914
103915
103916
103917
103918
103919
103920
103921
103922
103923
103924
103925
103926
103927
103928
103929
103930
103931
103932
103933
103934
103935
103936
103937
103938
103939
103940
103941
103942
103943
103944
103945
103946
103947
103948
103949
103950
103951
103952
103953
103954
103955
103956
103957
103958
103959
103960
103961
103962
103963
103964
103965
103966
103967
103968
103969
103970
103971
103972
103973
103974
103975
103976
103977
103978
103979
103980
103981
103982
103983
103984
103985
103986
103987
103988
103989
103990
103991
103992
103993
103994
103995
103996
103997
103998
103999
104000
104001
104002
104003
104004
104005
104006
104007
104008
104009
104010
104011
104012
104013
104014
104015
104016
104017
104018
104019
104020
104021
104022
104023
104024
104025
104026
104027
104028
104029
104030
104031
104032
104033
104034
104035
104036
104037
104038
104039
104040
104041
104042
104043
104044
104045
104046
104047
104048
104049
104050
104051
104052
104053
104054
104055
104056
104057
104058
104059
104060
104061
104062
104063
104064
104065
104066
104067
104068
104069
104070
104071
104072
104073
104074
104075
104076
104077
104078
104079
104080
104081
104082
104083
104084
104085
104086
104087
104088
104089
104090
104091
104092
104093
104094
104095
104096
104097
104098
104099
104100
104101
104102
104103
104104
104105
104106
104107
104108
104109
104110
104111
104112
104113
104114
104115
104116
104117
104118
104119
104120
104121
104122
104123
104124
104125
104126
104127
104128
104129
104130
104131
104132
104133
104134
104135
104136
104137
104138
104139
104140
104141
104142
104143
104144
104145
104146
104147
104148
104149
104150
104151
104152
104153
104154
104155
104156
104157
104158
104159
104160
104161
104162
104163
104164
104165
104166
104167
104168
104169
104170
104171
104172
104173
104174
104175
104176
104177
104178
104179
104180
104181
104182
104183
104184
104185
104186
104187
104188
104189
104190
104191
104192
104193
104194
104195
104196
104197
104198
104199
104200
104201
104202
104203
104204
104205
104206
104207
104208
104209
104210
104211
104212
104213
104214
104215
104216
104217
104218
104219
104220
104221
104222
104223
104224
104225
104226
104227
104228
104229
104230
104231
104232
104233
104234
104235
104236
104237
104238
104239
104240
104241
104242
104243
104244
104245
104246
104247
104248
104249
104250
104251
104252
104253
104254
104255
104256
104257
104258
104259
104260
104261
104262
104263
104264
104265
104266
104267
104268
104269
104270
104271
104272
104273
104274
104275
104276
104277
104278
104279
104280
104281
104282
104283
104284
104285
104286
104287
104288
104289
104290
104291
104292
104293
104294
104295
104296
104297
104298
104299
104300
104301
104302
104303
104304
104305
104306
104307
104308
104309
104310
104311
104312
104313
104314
104315
104316
104317
104318
104319
104320
104321
104322
104323
104324
104325
104326
104327
104328
104329
104330
104331
104332
104333
104334
104335
104336
104337
104338
104339
104340
104341
104342
104343
104344
104345
104346
104347
104348
104349
104350
104351
104352
104353
104354
104355
104356
104357
104358
104359
104360
104361
104362
104363
104364
104365
104366
104367
104368
104369
104370
104371
104372
104373
104374
104375
104376
104377
104378
104379
104380
104381
104382
104383
104384
104385
104386
104387
104388
104389
104390
104391
104392
104393
104394
104395
104396
104397
104398
104399
104400
104401
104402
104403
104404
104405
104406
104407
104408
104409
104410
104411
104412
104413
104414
104415
104416
104417
104418
104419
104420
104421
104422
104423
104424
104425
104426
104427
104428
104429
104430
104431
104432
104433
104434
104435
104436
104437
104438
104439
104440
104441
104442
104443
104444
104445
104446
104447
104448
104449
104450
104451
104452
104453
104454
104455
104456
104457
104458
104459
104460
104461
104462
104463
104464
104465
104466
104467
104468
104469
104470
104471
104472
104473
104474
104475
104476
104477
104478
104479
104480
104481
104482
104483
104484
104485
104486
104487
104488
104489
104490
104491
104492
104493
104494
104495
104496
104497
104498
104499
104500
104501
104502
104503
104504
104505
104506
104507
104508
104509
104510
104511
104512
104513
104514
104515
104516
104517
104518
104519
104520
104521
104522
104523
104524
104525
104526
104527
104528
104529
104530
104531
104532
104533
104534
104535
104536
104537
104538
104539
104540
104541
104542
104543
104544
104545
104546
104547
104548
104549
104550
104551
104552
104553
104554
104555
104556
104557
104558
104559
104560
104561
104562
104563
104564
104565
104566
104567
104568
104569
104570
104571
104572
104573
104574
104575
104576
104577
104578
104579
104580
104581
104582
104583
104584
104585
104586
104587
104588
104589
104590
104591
104592
104593
104594
104595
104596
104597
104598
104599
104600
104601
104602
104603
104604
104605
104606
104607
104608
104609
104610
104611
104612
104613
104614
104615
104616
104617
104618
104619
104620
104621
104622
104623
104624
104625
104626
104627
104628
104629
104630
104631
104632
104633
104634
104635
104636
104637
104638
104639
104640
104641
104642
104643
104644
104645
104646
104647
104648
104649
104650
104651
104652
104653
104654
104655
104656
104657
104658
104659
104660
104661
104662
104663
104664
104665
104666
104667
104668
104669
104670
104671
104672
104673
104674
104675
104676
104677
104678
104679
104680
104681
104682
104683
104684
104685
104686
104687
104688
104689
104690
104691
104692
104693
104694
104695
104696
104697
104698
104699
104700
104701
104702
104703
104704
104705
104706
104707
104708
104709
104710
104711
104712
104713
104714
104715
104716
104717
104718
104719
104720
104721
104722
104723
104724
104725
104726
104727
104728
104729
104730
104731
104732
104733
104734
104735
104736
104737
104738
104739
104740
104741
104742
104743
104744
104745
104746
104747
104748
104749
104750
104751
104752
104753
104754
104755
104756
104757
104758
104759
104760
104761
104762
104763
104764
104765
104766
104767
104768
104769
104770
104771
104772
104773
104774
104775
104776
104777
104778
104779
104780
104781
104782
104783
104784
104785
104786
104787
104788
104789
104790
104791
104792
104793
104794
104795
104796
104797
104798
104799
104800
104801
104802
104803
104804
104805
104806
104807
104808
104809
104810
104811
104812
104813
104814
104815
104816
104817
104818
104819
104820
104821
104822
104823
104824
104825
104826
104827
104828
104829
104830
104831
104832
104833
104834
104835
104836
104837
104838
104839
104840
104841
104842
104843
104844
104845
104846
104847
104848
104849
104850
104851
104852
104853
104854
104855
104856
104857
104858
104859
104860
104861
104862
104863
104864
104865
104866
104867
104868
104869
104870
104871
104872
104873
104874
104875
104876
104877
104878
104879
104880
104881
104882
104883
104884
104885
104886
104887
104888
104889
104890
104891
104892
104893
104894
104895
104896
104897
104898
104899
104900
104901
104902
104903
104904
104905
104906
104907
104908
104909
104910
104911
104912
104913
104914
104915
104916
104917
104918
104919
104920
104921
104922
104923
104924
104925
104926
104927
104928
104929
104930
104931
104932
104933
104934
104935
104936
104937
104938
104939
104940
104941
104942
104943
104944
104945
104946
104947
104948
104949
104950
104951
104952
104953
104954
104955
104956
104957
104958
104959
104960
104961
104962
104963
104964
104965
104966
104967
104968
104969
104970
104971
104972
104973
104974
104975
104976
104977
104978
104979
104980
104981
104982
104983
104984
104985
104986
104987
104988
104989
104990
104991
104992
104993
104994
104995
104996
104997
104998
104999
105000
105001
105002
105003
105004
105005
105006
105007
105008
105009
105010
105011
105012
105013
105014
105015
105016
105017
105018
105019
105020
105021
105022
105023
105024
105025
105026
105027
105028
105029
105030
105031
105032
105033
105034
105035
105036
105037
105038
105039
105040
105041
105042
105043
105044
105045
105046
105047
105048
105049
105050
105051
105052
105053
105054
105055
105056
105057
105058
105059
105060
105061
105062
105063
105064
105065
105066
105067
105068
105069
105070
105071
105072
105073
105074
105075
105076
105077
105078
105079
105080
105081
105082
105083
105084
105085
105086
105087
105088
105089
105090
105091
105092
105093
105094
105095
105096
105097
105098
105099
105100
105101
105102
105103
105104
105105
105106
105107
105108
105109
105110
105111
105112
105113
105114
105115
105116
105117
105118
105119
105120
105121
105122
105123
105124
105125
105126
105127
105128
105129
105130
105131
105132
105133
105134
105135
105136
105137
105138
105139
105140
105141
105142
105143
105144
105145
105146
105147
105148
105149
105150
105151
105152
105153
105154
105155
105156
-327
-330
-333
-336
-339
-342
-345
-348
-351
-354
-357
-360
-363
-366
-369
-372
-375
-378
-381
-384
-387
-390
-393
-396
-399
-402
-405
-408
-411
-414
-417
-420
-423
-426
-429
-431
437
441
445
449
453
457
461
465
469
473
477
481
485
489
493
497
501
505
509
513
517
521
525
529
533
537
541
545
549
553
557
561
565
569
573
576
580
583
586
589
592
595
598
601
604
607
610
613
616
619
622
625
628
631
634
637
640
643
646
649
652
655
658
661
664
667
670
673
676
679
682
684
688
691
694
697
700
703
706
709
712
715
718
721
724
727
730
733
736
739
742
745
748
751
754
757
760
763
766
769
772
775
778
781
784
787
790
792
796
799
802
805
808
811
814
817
820
823
826
829
832
835
838
841
844
847
850
853
856
859
862
865
868
871
874
877
880
883
886
889
892
895
898
900
904
907
910
913
916
919
922
925
928
931
934
937
940
943
946
949
952
955
958
961
964
967
970
973
976
979
982
985
988
991
994
997
1000
1003
1006
1008
1012
1015
1018
1021
1024
1027
1030
1033
1036
1039
1042
1045
1048
1051
1054
1057
1060
1063
1066
1069
1072
1075
1078
1081
1084
1087
1090
1093
1096
1099
1102
1105
1108
1111
1114
1116
1120
1123
1126
1129
1132
1135
1138
1141
1144
1147
1150
1153
1156
1159
1162
1165
1168
1171
1174
1177
1180
1183
1186
1189
1192
1195
1198
1201
1204
1207
1210
1213
1216
1219
1222
1224
1228
1231
1234
1237
1240
1243
1246
1249
1252
1255
1258
1261
1264
1267
1270
1273
1276
1279
1282
1285
1288
1291
1294
1297
1300
1303
1306
1309
1312
1315
1318
1321
1324
1327
1330
1332
1336
1339
1342
1345
1348
1351
1354
1357
1360
1363
1366
1369
1372
1375
1378
1381
1384
1387
1390
1393
1396
1399
1402
1405
1408
1411
1414
1417
1420
1423
1426
1429
1432
1435
1438
1440
1444
1447
1450
1453
1456
1459
1462
1465
1468
1471
1474
1477
1480
1483
1486
1489
1492
1495
1498
1501
1504
1507
1510
1513
1516
1519
1522
1525
1528
1531
1534
1537
1540
1543
1546
1548
1552
1555
1558
1561
1564
1567
1570
1573
1576
1579
1582
1585
1588
1591
1594
1597
1600
1603
1606
1609
1612
1615
1618
1621
1624
1627
1630
1633
1636
1639
1642
1645
1648
1651
1654
1656
1660
1663
1666
1669
1672
1675
1678
1681
1684
1687
1690
1693
1696
1699
1702
1705
1708
1711
1714
1717
1720
1723
1726
1729
1732
1735
1738
1741
1744
1747
1750
1753
1756
1759
1762
1764
1768
1771
1774
1777
1780
1783
1786
1789
1792
1795
1798
1801
1804
1807
1810
1813
1816
1819
1822
1825
1828
1831
1834
1837
1840
1843
1846
1849
1852
1855
1858
1861
1864
1867
1870
1872
1876
1879
1882
1885
1888
1891
1894
1897
1900
1903
1906
1909
1912
1915
1918
1921
1924
1927
1930
1933
1936
1939
1942
1945
1948
1951
1954
1957
1960
1963
1966
1969
1972
1975
1978
1980
1984
1987
1990
1993
1996
1999
2002
2005
2008
2011
2014
2017
2020
2023
2026
2029
2032
2035
2038
2041
2044
2047
2050
2053
2056
2059
2062
2065
2068
2071
2074
2077
2080
2083
2086
2088
2092
2095
2098
2101
2104
2107
2110
2113
2116
2119
2122
2125
2128
2131
2134
2137
2140
2143
2146
2149
2152
2155
2158
2161
2164
2167
2170
2173
2176
2179
2182
2185
2188
2191
2194
2196
2200
2203
2206
2209
2212
2215
2218
2221
2224
2227
2230
2233
2236
2239
2242
2245
2248
2251
2254
2257
2260
2263
2266
2269
2272
2275
2278
2281
2284
2287
2290
2293
2296
2299
2302
2304
2308
2311
2314
2317
2320
2323
2326
2329
2332
2335
2338
2341
2344
2347
2350
2353
2356
2359
2362
2365
2368
2371
2374
2377
2380
2383
2386
2389
2392
2395
2398
2401
2404
2407
2410
2412
2416
2419
2422
2425
2428
2431
2434
2437
2440
2443
2446
2449
2452
2455
2458
2461
2464
2467
2470
2473
2476
2479
2482
2485
2488
2491
2494
2497
2500
2503
2506
2509
2512
2515
2518
2520
2524
2527
2530
2533
2536
2539
2542
2545
2548
2551
2554
2557
2560
2563
2566
2569
2572
2575
2578
2581
2584
2587
2590
2593
2596
2599
2602
2605
2608
2611
2614
2617
2620
2623
2626
2628
2632
2635
2638
2641
2644
2647
2650
2653
2656
2659
2662
2665
2668
2671
2674
2677
2680
2683
2686
2689
2692
2695
2698
2701
2704
2707
2710
2713
2716
2719
2722
2725
2728
2731
2734
2736
2740
2743
2746
2749
2752
2755
2758
2761
2764
2767
2770
2773
2776
2779
2782
2785
2788
2791
2794
2797
2800
2803
2806
2809
2812
2815
2818
2821
2824
2827
2830
2833
2836
2839
2842
2844
2848
2851
2854
2857
2860
2863
2866
2869
2872
2875
2878
2881
2884
2887
2890
2893
2896
2899
2902
2905
2908
2911
2914
2917
2920
2923
2926
2929
2932
2935
2938
2941
2944
2947
2950
2952
2956
2959
2962
2965
2968
2971
2974
2977
2980
2983
2986
2989
2992
2995
2998
3001
3004
3007
3010
3013
3016
3019
3022
3025
3028
3031
3034
3037
3040
3043
3046
3049
3052
3055
3058
3060
3064
3067
3070
3073
3076
3079
3082
3085
3088
3091
3094
3097
3100
3103
3106
3109
3112
3115
3118
3121
3124
3127
3130
3133
3136
3139
3142
3145
3148
3151
3154
3157
3160
3163
3166
3168
3172
3175
3178
3181
3184
3187
3190
3193
3196
3199
3202
3205
3208
3211
3214
3217
3220
3223
3226
3229
3232
3235
3238
3241
3244
3247
3250
3253
3256
3259
3262
3265
3268
3271
3274
3276
3280
3283
3286
3289
3292
3295
3298
3301
3304
3307
3310
3313
3316
3319
3322
3325
3328
3331
3334
3337
3340
3343
3346
3349
3352
3355
3358
3361
3364
3367
3370
3373
3376
3379
3382
3384
3388
3391
3394
3397
3400
3403
3406
3409
3412
3415
3418
3421
3424
3427
3430
3433
3436
3439
3442
3445
3448
3451
3454
3457
3460
3463
3466
3469
3472
3475
3478
3481
3484
3487
3490
3492
3496
3499
3502
3505
3508
3511
3514
3517
3520
3523
3526
3529
3532
3535
3538
3541
3544
3547
3550
3553
3556
3559
3562
3565
3568
3571
3574
3577
3580
3583
3586
3589
3592
3595
3598
3600
3604
3607
3610
3613
3616
3619
3622
3625
3628
3631
3634
3637
3640
3643
3646
3649
3652
3655
3658
3661
3664
3667
3670
3673
3676
3679
3682
3685
3688
3691
3694
3697
3700
3703
3706
3708
3712
3715
3718
3721
3724
3727
3730
3733
3736
3739
3742
3745
3748
3751
3754
3757
3760
3763
3766
3769
3772
3775
3778
3781
3784
3787
3790
3793
3796
3799
3802
3805
3808
3811
3814
3816
3820
3823
3826
3829
3832
3835
3838
3841
3844
3847
3850
3853
3856
3859
3862
3865
3868
3871
3874
3877
3880
3883
3886
3889
3892
3895
3898
3901
3904
3907
3910
3913
3916
3919
3922
3924
3928
3931
3934
3937
3940
3943
3946
3949
3952
3955
3958
3961
3964
3967
3970
3973
3976
3979
3982
3985
3988
3991
3994
3997
4000
4003
4006
4009
4012
4015
4018
4021
4024
4027
4030
4032
4036
4039
4042
4045
4048
4051
4054
4057
4060
4063
4066
4069
4072
4075
4078
4081
4084
4087
4090
4093
4096
4099
4102
4105
4108
4111
4114
4117
4120
4123
4126
4129
4132
4135
4138
4140
4144
4147
4150
4153
4156
4159
4162
4165
4168
4171
4174
4177
4180
4183
4186
4189
4192
4195
4198
4201
4204
4207
4210
4213
4216
4219
4222
4225
4228
4231
4234
4237
4240
4243
4246
4248
4252
4255
4258
4261
4264
4267
4270
4273
4276
4279
4282
4285
4288
4291
4294
4297
4300
4303
4306
4309
4312
4315
4318
4321
4324
4327
4330
4333
4336
4339
4342
4345
4348
4351
4354
4356
4360
4363
4366
4369
4372
4375
4378
4381
4384
4387
4390
4393
4396
4399
4402
4405
4408
4411
4414
4417
4420
4423
4426
4429
4432
4435
4438
4441
4444
4447
4450
4453
4456
4459
4462
4464
4468
4471
4474
4477
4480
4483
4486
4489
4492
4495
4498
4501
4504
4507
4510
4513
4516
4519
4522
4525
4528
4531
4534
4537
4540
4543
4546
4549
4552
4555
4558
4561
4564
4567
4570
4572
4576
4579
4582
4585
4588
4591
4594
4597
4600
4603
4606
4609
4612
4615
4618
4621
4624
4627
4630
4633
4636
4639
4642
4645
4648
4651
4654
4657
4660
4663
4666
4669
4672
4675
4678
4680
4684
4687
4690
4693
4696
4699
4702
4705
4708
4711
4714
4717
4720
4723
4726
4729
4732
4735
4738
4741
4744
4747
4750
4753
4756
4759
4762
4765
4768
4771
4774
4777
4780
4783
4786
4788
4792
4795
4798
4801
4804
4807
4810
4813
4816
4819
4822
4825
4828
4831
4834
4837
4840
4843
4846
4849
4852
4855
4858
4861
4864
4867
4870
4873
4876
4879
4882
4885
4888
4891
4894
4896
4900
4903
4906
4909
4912
4915
4918
4921
4924
4927
4930
4933
4936
4939
4942
4945
4948
4951
4954
4957
4960
4963
4966
4969
4972
4975
4978
4981
4984
4987
4990
4993
4996
4999
5002
5004
5008
5011
5014
5017
5020
5023
5026
5029
5032
5035
5038
5041
5044
5047
5050
5053
5056
5059
5062
5065
5068
5071
5074
5077
5080
5083
5086
5089
5092
5095
5098
5101
5104
5107
5110
5112
5116
5119
5122
5125
5128
5131
5134
5137
5140
5143
5146
5149
5152
5155
5158
5161
5164
5167
5170
5173
5176
5179
5182
5185
5188
5191
5194
5197
5200
5203
5206
5209
5212
5215
5218
5220
5224
5227
5230
5233
5236
5239
5242
5245
5248
5251
5254
5257
5260
5263
5266
5269
5272
5275
5278
5281
5284
5287
5290
5293
5296
5299
5302
5305
5308
5311
5314
5317
5320
5323
5326
5328
5332
5335
5338
5341
5344
5347
5350
5353
5356
5359
5362
5365
5368
5371
5374
5377
5380
5383
5386
5389
5392
5395
5398
5401
5404
5407
5410
5413
5416
5419
5422
5425
5428
5431
5434
5436
5440
5443
5446
5449
5452
5455
5458
5461
5464
5467
5470
5473
5476
5479
5482
5485
5488
5491
5494
5497
5500
5503
5506
5509
5512
5515
5518
5521
5524
5527
5530
5533
5536
5539
5542
5544
5548
5551
5554
5557
5560
5563
5566
5569
5572
5575
5578
5581
5584
5587
5590
5593
5596
5599
5602
5605
5608
5611
5614
5617
5620
5623
5626
5629
5632
5635
5638
5641
5644
5647
5650
5652
5656
5659
5662
5665
5668
5671
5674
5677
5680
5683
5686
5689
5692
5695
5698
5701
5704
5707
5710
5713
5716
5719
5722
5725
5728
5731
5734
5737
5740
5743
5746
5749
5752
5755
5758
5760
5764
5767
5770
5773
5776
5779
5782
5785
5788
5791
5794
5797
5800
5803
5806
5809
5812
5815
5818
5821
5824
5827
5830
5833
5836
5839
5842
5845
5848
5851
5854
5857
5860
5863
5866
5868
5872
5875
5878
5881
5884
5887
5890
5893
5896
5899
5902
5905
5908
5911
5914
5917
5920
5923
5926
5929
5932
5935
5938
5941
5944
5947
5950
5953
5956
5959
5962
5965
5968
5971
5974
5976
5980
5983
5986
5989
5992
5995
5998
6001
6004
6007
6010
6013
6016
6019
6022
6025
6028
6031
6034
6037
6040
6043
6046
6049
6052
6055
6058
6061
6064
6067
6070
6073
6076
6079
6082
6084
6088
6091
6094
6097
6100
6103
6106
6109
6112
6115
6118
6121
6124
6127
6130
6133
6136
6139
6142
6145
6148
6151
6154
6157
6160
6163
6166
6169
6172
6175
6178
6181
6184
6187
6190
6192
6196
6199
6202
6205
6208
6211
6214
6217
6220
6223
6226
6229
6232
6235
6238
6241
6244
6247
6250
6253
6256
6259
6262
6265
6268
6271
6274
6277
6280
6283
6286
6289
6292
6295
6298
6300
6304
6307
6310
6313
6316
6319
6322
6325
6328
6331
6334
6337
6340
6343
6346
6349
6352
6355
6358
6361
6364
6367
6370
6373
6376
6379
6382
6385
6388
6391
6394
6397
6400
6403
6406
6408
6412
6415
6418
6421
6424
6427
6430
6433
6436
6439
6442
6445
6448
6451
6454
6457
6460
6463
6466
6469
6472
6475
6478
6481
6484
6487
6490
6493
6496
6499
6502
6505
6508
6511
6514
6516
6520
6523
6526
6529
6532
6535
6538
6541
6544
6547
6550
6553
6556
6559
6562
6565
6568
6571
6574
6577
6580
6583
6586
6589
6592
6595
6598
6601
6604
6607
6610
6613
6616
6619
6622
6624
6628
6631
6634
6637
6640
6643
6646
6649
6652
6655
6658
6661
6664
6667
6670
6673
6676
6679
6682
6685
6688
6691
6694
6697
6700
6703
6706
6709
6712
6715
6718
6721
6724
6727
6730
6732
6736
6739
6742
6745
6748
6751
6754
6757
6760
6763
6766
6769
6772
6775
6778
6781
6784
6787
6790
6793
6796
6799
6802
6805
6808
6811
6814
6817
6820
6823
6826
6829
6832
6835
6838
6840
6844
6847
6850
6853
6856
6859
6862
6865
6868
6871
6874
6877
6880
6883
6886
6889
6892
6895
6898
6901
6904
6907
6910
6913
6916
6919
6922
6925
6928
6931
6934
6937
6940
6943
6946
6948
6952
6955
6958
6961
6964
6967
6970
6973
6976
6979
6982
6985
6988
6991
6994
6997
7000
7003
7006
7009
7012
7015
7018
7021
7024
7027
7030
7033
7036
7039
7042
7045
7048
7051
7054
7056
7060
7063
7066
7069
7072
7075
7078
7081
7084
7087
7090
7093
7096
7099
7102
7105
7108
7111
7114
7117
7120
7123
7126
7129
7132
7135
7138
7141
7144
7147
7150
7153
7156
7159
7162
7164
7168
7171
7174
7177
7180
7183
7186
7189
7192
7195
7198
7201
7204
7207
7210
7213
7216
7219
7222
7225
7228
7231
7234
7237
7240
7243
7246
7249
7252
7255
7258
7261
7264
7267
7270
7272
7276
7279
7282
7285
7288
7291
7294
7297
7300
7303
7306
7309
7312
7315
7318
7321
7324
7327
7330
7333
7336
7339
7342
7345
7348
7351
7354
7357
7360
7363
7366
7369
7372
7375
7378
7380
7384
7387
7390
7393
7396
7399
7402
7405
7408
7411
7414
7417
7420
7423
7426
7429
7432
7435
7438
7441
7444
7447
7450
7453
7456
7459
7462
7465
7468
7471
7474
7477
7480
7483
7486
7488
7492
7495
7498
7501
7504
7507
7510
7513
7516
7519
7522
7525
7528
7531
7534
7537
7540
7543
7546
7549
7552
7555
7558
7561
7564
7567
7570
7573
7576
7579
7582
7585
7588
7591
7594
7596
7600
7603
7606
7609
7612
7615
7618
7621
7624
7627
7630
7633
7636
7639
7642
7645
7648
7651
7654
7657
7660
7663
7666
7669
7672
7675
7678
7681
7684
7687
7690
7693
7696
7699
7702
7704
7708
7711
7714
7717
7720
7723
7726
7729
7732
7735
7738
7741
7744
7747
7750
7753
7756
7759
7762
7765
7768
7771
7774
7777
7780
7783
7786
7789
7792
7795
7798
7801
7804
7807
7810
7812
7816
7819
7822
7825
7828
7831
7834
7837
7840
7843
7846
7849
7852
7855
7858
7861
7864
7867
7870
7873
7876
7879
7882
7885
7888
7891
7894
7897
7900
7903
7906
7909
7912
7915
7918
7920
7923
7925
7927
7929
7931
7933
7935
7937
7939
7941
7943
7945
7947
7949
7951
7953
7955
7957
7959
7961
7963
7965
7967
7969
7971
7973
7975
7977
7979
7981
7983
7985
7987
7989
7991
7992
-20560
-20563
-20566
-20569
-20572
-20575
-20578
-20581
-20584
-20587
-20590
-20593
-20596
-20599
-20602
-20605
-20608
-20611
-20614
-20617
-20620
-20623
-20626
-20629
-20632
-20635
-20638
-20641
-20644
-20647
-20650
-20653
-20656
-20659
-20662
-20664
-28120
-28123
-28126
-28129
-28132
-28135
-28138
-28141
-28144
-28147
-28150
-28153
-28156
-28159
-28162
-28165
-28168
-28171
-28174
-28177
-28180
-28183
-28186
-28189
-28192
-28195
-28198
-28201
-28204
-28207
-28210
-28213
-28216
-28219
-28222
-28224
-35680
-35683
-35686
-35689
-35692
-35695
-35698
-35701
-35704
-35707
-35710
-35713
-35716
-35719
-35722
-35725
-35728
-35731
-35734
-35737
-35740
-35743
-35746
-35749
-35752
-35755
-35758
-35761
-35764
-35767
-35770
-35773
-35776
-35779
-35782
-35784
-43240
-43243
-43246
-43249
-43252
-43255
-43258
-43261
-43264
-43267
-43270
-43273
-43276
-43279
-43282
-43285
-43288
-43291
-43294
-43297
-43300
-43303
-43306
-43309
-43312
-43315
-43318
-43321
-43324
-43327
-43330
-43333
-43336
-43339
-43342
-43344
-50800
-50803
-50806
-50809
-50812
-50815
-50818
-50821
-50824
-50827
-50830
-50833
-50836
-50839
-50842
-50845
-50848
-50851
-50854
-50857
-50860
-50863
-50866
-50869
-50872
-50875
-50878
-50881
-50884
-50887
-50890
-50893
-50896
-50899
-50902
-50904
-58360
-58363
-58366
-58369
-58372
-58375
-58378
-58381
-58384
-58387
-58390
-58393
-58396
-58399
-58402
-58405
-58408
-58411
-58414
-58417
-58420
-58423
-58426
-58429
-58432
-58435
-58438
-58441
-58444
-58447
-58450
-58453
-58456
-58459
-58462
-58464
-65920
-65923
-65926
-65929
-65932
-65935
-65938
-65941
-65944
-65947
-65950
-65953
-65956
-65959
-65962
-65965
-65968
-65971
-65974
-65977
-65980
-65983
-65986
-65989
-65992
-65995
-65998
-66001
-66004
-66007
-66010
-66013
-66016
-66019
-66022
-66024
-73480
-73483
-73486
-73489
-73492
-73495
-73498
-73501
-73504
-73507
-73510
-73513
-73516
-73519
-73522
-73525
-73528
-73531
-73534
-73537
-73540
-73543
-73546
-73549
-73552
-73555
-73558
-73561
-73564
-73567
-73570
-73573
-73576
-73579
-73582
-73584
-81040
-81043
-81046
-81049
-81052
-81055
-81058
-81061
-81064
-81067
-81070
-81073
-81076
-81079
-81082
-81085
-81088
-81091
-81094
-81097
-81100
-81103
-81106
-81109
-81112
-81115
-81118
-81121
-81124
-81127
-81130
-81133
-81136
-81139
-81142
-81144
-88600
-88603
-88606
-88609
-88612
-88615
-88618
-88621
-88624
-88627
-88630
-88633
-88636
-88639
-88642
-88645
-88648
-88651
-88654
-88657
-88660
-88663
-88666
-88669
-88672
-88675
-88678
-88681
-88684
-88687
-88690
-88693
-88696
-88699
-88702
-88704
-96160
-96163
-96166
-96169
-96172
-96175
-96178
-96181
-96184
-96187
-96190
-96193
-96196
-96199
-96202
-96205
-96208
-96211
-96214
-96217
-96220
-96223
-96226
-96229
-96232
-96235
-96238
-96241
-96244
-96247
-96250
-96253
-96256
-96259
-96262
-96264
-101235
-101237
-101239
-101241
-101243
-101245
-101247
-101249
-101251
-101253
-101255
-101257
-101259
-101261
-101263
-101265
-101267
-101269
-101271
-101273
-101275
-101277
-101279
-101281
-101283
-101285
-101287
-101289
-101291
-101293
-101295
-101297
-101299
-101301
-101303
-101304
)


// ************************************************************************* //
