/*--------------------------------*- C++ -*----------------------------------*\
| =========                 |                                                 |
| \\      /  F ield         | OpenFOAM: The Open Source CFD Toolbox           |
|  \\    /   O peration     | Version:  2506                                  |
|   \\  /    A nd           | Website:  www.openfoam.com                      |
|    \\/     M anipulation  |                                                 |
\*---------------------------------------------------------------------------*/
FoamFile
{
    version     2.0;
    format      ascii;
    arch        "LSB;label=32;scalar=64";
    class       volScalarField;
    location    "300/cap_rotated";
    object      T;
}
// * * * * * * * * * * * * * * * * * * * * * * * * * * * * * * * * * * * * * //

dimensions      [0 0 0 1 0 0 0];

internalField   nonuniform List<scalar> 
1872
(
298.20072
298.20072
298.20072
298.20072
298.20072
298.20072
298.20072
298.20072
298.20072
298.20072
298.20072
298.20072
298.20072
298.20072
298.20072
298.20072
298.20072
298.20072
298.20072
298.20072
298.20072
298.20072
298.20072
298.20072
298.20072
298.20072
298.20072
298.20072
298.20072
298.20072
298.20072
298.20072
298.20072
298.20072
298.20072
298.20072
298.29935
298.29935
298.29935
298.29935
298.29935
298.29935
298.29935
298.29935
298.29935
298.29935
298.29935
298.29935
298.29935
298.29935
298.29935
298.29935
298.29935
298.29935
298.29935
298.29935
298.29935
298.29935
298.29935
298.29935
298.29935
298.29935
298.29935
298.29935
298.29935
298.29935
298.29935
298.29935
298.29935
298.29935
298.29935
298.29935
298.38253
298.38253
298.38253
298.38253
298.38253
298.38253
298.38253
298.38253
298.38253
298.38253
298.38253
298.38253
298.38253
298.38253
298.38253
298.38253
298.38253
298.38253
298.38253
298.38253
298.38253
298.38253
298.38253
298.38253
298.38253
298.38253
298.38253
298.38253
298.38253
298.38253
298.38253
298.38253
298.38253
298.38253
298.38253
298.38253
298.39314
298.39314
298.39314
298.39314
298.39314
298.39314
298.39314
298.39314
298.39314
298.39314
298.39314
298.39314
298.39314
298.39314
298.39314
298.39314
298.39314
298.39314
298.39314
298.39314
298.39314
298.39314
298.39314
298.39314
298.39314
298.39314
298.39314
298.39314
298.39314
298.39314
298.39314
298.39314
298.39314
298.39314
298.39314
298.39314
298.30182
298.30182
298.30182
298.30182
298.30182
298.30182
298.30182
298.30182
298.30182
298.30182
298.30182
298.30182
298.30182
298.30182
298.30182
298.30182
298.30182
298.30182
298.30182
298.30182
298.30182
298.30182
298.30182
298.30182
298.30182
298.30182
298.30182
298.30182
298.30182
298.30182
298.30182
298.30182
298.30182
298.30182
298.30182
298.30182
298.59987
298.59987
298.59987
298.59987
298.59987
298.59987
298.59987
298.59987
298.59987
298.59987
298.59987
298.59987
298.59987
298.59987
298.59987
298.59987
298.59987
298.59987
298.59987
298.59987
298.59987
298.59987
298.59987
298.59987
298.59987
298.59987
298.59987
298.59987
298.59987
298.59987
298.59987
298.59987
298.59987
298.59987
298.59987
298.59987
298.86906
298.86906
298.86906
298.86906
298.86905
298.86906
298.86906
298.86906
298.86906
298.86906
298.86906
298.86906
298.86906
298.86905
298.86906
298.86906
298.86906
298.86906
298.86906
298.86906
298.86906
298.86906
298.86905
298.86906
298.86906
298.86906
298.86906
298.86906
298.86906
298.86906
298.86906
298.86905
298.86906
298.86906
298.86906
298.86906
299.01923
299.01923
299.01923
299.01923
299.01923
299.01923
299.01923
299.01923
299.01923
299.01923
299.01923
299.01923
299.01923
299.01923
299.01923
299.01923
299.01923
299.01923
299.01923
299.01923
299.01923
299.01923
299.01923
299.01923
299.01923
299.01923
299.01923
299.01923
299.01923
299.01923
299.01923
299.01923
299.01923
299.01923
299.01923
299.01923
298.41473
298.41473
298.41473
298.41473
298.41473
298.41473
298.41473
298.41473
298.41473
298.41473
298.41473
298.41473
298.41473
298.41473
298.41473
298.41473
298.41473
298.41473
298.41473
298.41473
298.41473
298.41473
298.41473
298.41473
298.41473
298.41473
298.41473
298.41473
298.41473
298.41473
298.41473
298.41473
298.41473
298.41473
298.41473
298.41473
298.94038
298.94038
298.94038
298.94038
298.94038
298.94038
298.94038
298.94038
298.94038
298.94038
298.94038
298.94038
298.94038
298.94038
298.94038
298.94038
298.94038
298.94038
298.94038
298.94038
298.94038
298.94038
298.94038
298.94038
298.94038
298.94038
298.94038
298.94038
298.94038
298.94038
298.94038
298.94038
298.94038
298.94038
298.94038
298.94038
299.44808
299.44808
299.44808
299.44808
299.44808
299.44808
299.44808
299.44808
299.44808
299.44808
299.44808
299.44808
299.44808
299.44808
299.44808
299.44808
299.44808
299.44808
299.44808
299.44808
299.44808
299.44808
299.44808
299.44808
299.44808
299.44808
299.44808
299.44808
299.44808
299.44808
299.44808
299.44808
299.44808
299.44808
299.44808
299.44808
299.9021
299.9021
299.9021
299.9021
299.9021
299.9021
299.9021
299.9021
299.9021
299.9021
299.9021
299.9021
299.9021
299.9021
299.9021
299.9021
299.9021
299.9021
299.9021
299.9021
299.9021
299.9021
299.9021
299.9021
299.9021
299.9021
299.9021
299.9021
299.9021
299.9021
299.9021
299.9021
299.9021
299.9021
299.9021
299.9021
298.56179
298.56179
298.56179
298.56179
298.56179
298.56179
298.56179
298.56179
298.56179
298.56179
298.56179
298.56179
298.56179
298.56179
298.56179
298.56179
298.56179
298.56179
298.56179
298.56179
298.56179
298.56179
298.56179
298.56179
298.56179
298.56179
298.56179
298.56179
298.56179
298.56179
298.56179
298.56179
298.56179
298.56179
298.56179
298.56179
299.38845
299.38845
299.38845
299.38845
299.38845
299.38845
299.38845
299.38845
299.38845
299.38845
299.38845
299.38845
299.38845
299.38845
299.38845
299.38845
299.38845
299.38845
299.38845
299.38845
299.38845
299.38845
299.38845
299.38845
299.38845
299.38845
299.38845
299.38845
299.38845
299.38845
299.38845
299.38845
299.38845
299.38845
299.38845
299.38845
300.22622
300.22622
300.22622
300.22622
300.22622
300.22622
300.22622
300.22622
300.22622
300.22622
300.22622
300.22622
300.22622
300.22622
300.22622
300.22622
300.22622
300.22622
300.22622
300.22622
300.22622
300.22622
300.22622
300.22622
300.22622
300.22622
300.22622
300.22622
300.22622
300.22622
300.22622
300.22622
300.22622
300.22622
300.22622
300.22622
301.09644
301.09644
301.09644
301.09644
301.09644
301.09644
301.09644
301.09644
301.09644
301.09644
301.09644
301.09644
301.09644
301.09644
301.09644
301.09644
301.09644
301.09644
301.09644
301.09644
301.09644
301.09644
301.09644
301.09644
301.09644
301.09644
301.09644
301.09644
301.09644
301.09644
301.09644
301.09644
301.09644
301.09644
301.09644
301.09644
298.75149
298.75149
298.75149
298.75149
298.75149
298.75149
298.75149
298.75149
298.75149
298.75149
298.75149
298.75149
298.75149
298.75149
298.75149
298.75149
298.75149
298.75149
298.75149
298.75149
298.75149
298.75149
298.75149
298.75149
298.75149
298.75149
298.75149
298.75149
298.75149
298.75149
298.75149
298.75149
298.75149
298.75149
298.75149
298.75149
299.96722
299.96722
299.96722
299.96722
299.96722
299.96722
299.96722
299.96722
299.96722
299.96722
299.96722
299.96722
299.96722
299.96722
299.96722
299.96722
299.96722
299.96722
299.96722
299.96722
299.96722
299.96722
299.96722
299.96722
299.96722
299.96722
299.96722
299.96722
299.96722
299.96722
299.96722
299.96722
299.96722
299.96722
299.96722
299.96722
301.2281
301.2281
301.2281
301.2281
301.2281
301.2281
301.2281
301.2281
301.2281
301.2281
301.2281
301.2281
301.2281
301.2281
301.2281
301.2281
301.2281
301.2281
301.2281
301.2281
301.2281
301.2281
301.2281
301.2281
301.2281
301.2281
301.2281
301.2281
301.2281
301.2281
301.2281
301.2281
301.2281
301.2281
301.2281
301.2281
302.59259
302.59259
302.59259
302.59259
302.59259
302.59259
302.59259
302.59259
302.59259
302.59259
302.59259
302.59259
302.59259
302.59259
302.59259
302.59259
302.59259
302.59259
302.59259
302.59259
302.59259
302.59259
302.59259
302.59259
302.59259
302.59259
302.59259
302.59259
302.59259
302.59259
302.59259
302.59259
302.59259
302.59259
302.59259
302.59259
298.98981
298.98981
298.98981
298.98981
298.98981
298.98981
298.98981
298.98981
298.98981
298.98981
298.98981
298.98981
298.98981
298.98981
298.98981
298.98981
298.98981
298.98981
298.98981
298.98981
298.98981
298.98981
298.98981
298.98981
298.98981
298.98981
298.98981
298.98981
298.98981
298.98981
298.98981
298.98981
298.98981
298.98981
298.98981
298.98981
300.69142
300.69142
300.69142
300.69142
300.69142
300.69142
300.69142
300.69142
300.69142
300.69142
300.69142
300.69142
300.69142
300.69142
300.69142
300.69142
300.69142
300.69142
300.69142
300.69142
300.69142
300.69142
300.69142
300.69142
300.69142
300.69142
300.69142
300.69142
300.69142
300.69142
300.69142
300.69142
300.69142
300.69142
300.69142
300.69142
302.46754
302.46754
302.46754
302.46754
302.46754
302.46754
302.46754
302.46754
302.46754
302.46754
302.46754
302.46754
302.46754
302.46754
302.46754
302.46754
302.46754
302.46754
302.46754
302.46754
302.46754
302.46754
302.46754
302.46754
302.46754
302.46754
302.46754
302.46754
302.46754
302.46754
302.46754
302.46754
302.46754
302.46754
302.46754
302.46753
304.39942
304.39942
304.39942
304.39942
304.39942
304.39942
304.39942
304.39942
304.39942
304.39942
304.39942
304.39942
304.39942
304.39942
304.39942
304.39942
304.39942
304.39942
304.39942
304.39942
304.39942
304.39942
304.39942
304.39942
304.39942
304.39942
304.39942
304.39942
304.39942
304.39942
304.39942
304.39942
304.39942
304.39942
304.39942
304.39942
299.27956
299.27956
299.27956
299.27956
299.27956
299.27956
299.27956
299.27956
299.27956
299.27956
299.27956
299.27956
299.27956
299.27956
299.27956
299.27956
299.27956
299.27956
299.27956
299.27956
299.27956
299.27956
299.27956
299.27956
299.27956
299.27956
299.27956
299.27956
299.27956
299.27956
299.27956
299.27956
299.27956
299.27956
299.27956
299.27956
301.56794
301.56794
301.56794
301.56794
301.56794
301.56794
301.56794
301.56794
301.56794
301.56794
301.56794
301.56794
301.56794
301.56794
301.56794
301.56794
301.56794
301.56794
301.56794
301.56794
301.56794
301.56794
301.56794
301.56794
301.56794
301.56794
301.56794
301.56794
301.56794
301.56794
301.56794
301.56794
301.56794
301.56794
301.56794
301.56794
303.95353
303.95353
303.95353
303.95353
303.95353
303.95353
303.95353
303.95353
303.95353
303.95353
303.95353
303.95353
303.95353
303.95353
303.95353
303.95353
303.95353
303.95353
303.95353
303.95353
303.95353
303.95353
303.95353
303.95353
303.95353
303.95353
303.95353
303.95353
303.95353
303.95353
303.95353
303.95353
303.95353
303.95353
303.95353
303.95353
306.53561
306.53561
306.53561
306.53561
306.53561
306.53561
306.53561
306.53561
306.53561
306.53561
306.53561
306.53561
306.53561
306.53561
306.53561
306.53561
306.53561
306.53561
306.53561
306.53561
306.53561
306.53561
306.53561
306.53561
306.53561
306.53561
306.53561
306.53561
306.53561
306.53561
306.53561
306.53561
306.53561
306.53561
306.53561
306.53561
299.62113
299.62113
299.62113
299.62113
299.62113
299.62113
299.62113
299.62113
299.62113
299.62113
299.62113
299.62113
299.62113
299.62113
299.62113
299.62113
299.62113
299.62113
299.62113
299.62113
299.62113
299.62113
299.62113
299.62113
299.62113
299.62113
299.62113
299.62113
299.62113
299.62113
299.62113
299.62113
299.62113
299.62113
299.62113
299.62113
302.59854
302.59854
302.59854
302.59854
302.59854
302.59854
302.59854
302.59854
302.59854
302.59854
302.59854
302.59854
302.59854
302.59854
302.59854
302.59854
302.59854
302.59854
302.59854
302.59854
302.59854
302.59854
302.59854
302.59854
302.59854
302.59854
302.59854
302.59854
302.59854
302.59854
302.59854
302.59854
302.59854
302.59854
302.59854
302.59854
305.69224
305.69224
305.69224
305.69224
305.69224
305.69224
305.69224
305.69224
305.69224
305.69224
305.69224
305.69224
305.69224
305.69224
305.69224
305.69224
305.69224
305.69224
305.69224
305.69224
305.69224
305.69224
305.69224
305.69224
305.69224
305.69224
305.69224
305.69224
305.69224
305.69224
305.69224
305.69224
305.69224
305.69224
305.69224
305.69224
309.02013
309.02013
309.02013
309.02013
309.02013
309.02013
309.02013
309.02013
309.02013
309.02013
309.02013
309.02013
309.02013
309.02013
309.02013
309.02013
309.02013
309.02013
309.02013
309.02013
309.02013
309.02013
309.02013
309.02013
309.02013
309.02013
309.02013
309.02013
309.02013
309.02013
309.02013
309.02013
309.02013
309.02013
309.02013
309.02013
300.01291
300.01291
300.01291
300.01291
300.01291
300.01291
300.01291
300.01291
300.01291
300.01291
300.01291
300.01291
300.01291
300.01291
300.01291
300.01291
300.01291
300.01291
300.01291
300.01291
300.01291
300.01291
300.01291
300.01291
300.01291
300.01291
300.01291
300.01291
300.01291
300.01291
300.01291
300.01291
300.01291
300.01291
300.01291
300.01291
303.77992
303.77992
303.77992
303.77992
303.77992
303.77992
303.77992
303.77992
303.77992
303.77992
303.77992
303.77992
303.77992
303.77992
303.77992
303.77992
303.77992
303.77992
303.77992
303.77992
303.77992
303.77992
303.77992
303.77992
303.77992
303.77992
303.77992
303.77992
303.77992
303.77992
303.77992
303.77992
303.77992
303.77992
303.77992
303.77992
307.68359
307.68359
307.68359
307.68359
307.68359
307.68359
307.68359
307.68359
307.68359
307.68359
307.68359
307.68359
307.68359
307.68359
307.68359
307.68359
307.68359
307.68359
307.68359
307.68359
307.68359
307.68359
307.68359
307.68359
307.68359
307.68359
307.68359
307.68359
307.68359
307.68359
307.68359
307.68359
307.68359
307.68359
307.68359
307.68359
311.86432
311.86432
311.86432
311.86432
311.86432
311.86432
311.86432
311.86432
311.86432
311.86432
311.86432
311.86432
311.86432
311.86432
311.86432
311.86432
311.86432
311.86432
311.86432
311.86432
311.86432
311.86432
311.86432
311.86432
311.86432
311.86432
311.86432
311.86432
311.86432
311.86432
311.86432
311.86432
311.86432
311.86432
311.86432
311.86432
300.44738
300.44738
300.44738
300.44738
300.44738
300.44738
300.44738
300.44738
300.44738
300.44738
300.44738
300.44738
300.44738
300.44738
300.44738
300.44738
300.44738
300.44738
300.44738
300.44738
300.44738
300.44738
300.44738
300.44738
300.44738
300.44738
300.44738
300.44738
300.44738
300.44738
300.44738
300.44738
300.44738
300.44738
300.44738
300.44738
305.09198
305.09198
305.09198
305.09198
305.09198
305.09198
305.09198
305.09198
305.09198
305.09198
305.09198
305.09198
305.09198
305.09198
305.09198
305.09198
305.09198
305.09198
305.09198
305.09198
305.09198
305.09198
305.09198
305.09198
305.09198
305.09198
305.09198
305.09198
305.09198
305.09198
305.09198
305.09198
305.09198
305.09198
305.09198
305.09198
309.90331
309.90331
309.90331
309.90331
309.90331
309.90331
309.90331
309.90331
309.90331
309.90331
309.90331
309.90331
309.90331
309.90331
309.90331
309.90331
309.90331
309.90331
309.90331
309.90331
309.90331
309.90331
309.90331
309.90331
309.90331
309.90331
309.90331
309.90331
309.90331
309.90331
309.90331
309.90331
309.90331
309.90331
309.90331
309.90331
315.0583
315.0583
315.0583
315.0583
315.05831
315.0583
315.05831
315.05831
315.05831
315.05831
315.05831
315.05831
315.05831
315.05831
315.05831
315.05831
315.05831
315.05831
315.05831
315.05831
315.05831
315.05831
315.05831
315.05831
315.05831
315.05831
315.05831
315.05831
315.05831
315.05831
315.0583
315.05831
315.0583
315.0583
315.0583
315.0583
300.8866
300.8866
300.8866
300.8866
300.8866
300.8866
300.8866
300.8866
300.8866
300.8866
300.8866
300.8866
300.8866
300.8866
300.8866
300.8866
300.8866
300.8866
300.8866
300.8866
300.8866
300.8866
300.8866
300.8866
300.8866
300.8866
300.8866
300.8866
300.8866
300.8866
300.8866
300.8866
300.8866
300.8866
300.8866
300.8866
306.41583
306.41583
306.41583
306.41583
306.41583
306.41583
306.41583
306.41583
306.41583
306.41583
306.41583
306.41583
306.41583
306.41583
306.41583
306.41583
306.41583
306.41583
306.41583
306.41583
306.41583
306.41583
306.41583
306.41583
306.41583
306.41583
306.41583
306.41583
306.41583
306.41583
306.41583
306.41583
306.41583
306.41583
306.41583
306.41582
312.13306
312.13306
312.13306
312.13306
312.13306
312.13306
312.13306
312.13306
312.13306
312.13306
312.13306
312.13306
312.13306
312.13306
312.13306
312.13306
312.13306
312.13306
312.13306
312.13306
312.13306
312.13306
312.13306
312.13306
312.13306
312.13306
312.13306
312.13306
312.13306
312.13306
312.13306
312.13306
312.13306
312.13306
312.13306
312.13306
318.24008
318.24008
318.24008
318.24008
318.24008
318.24008
318.24008
318.24008
318.24008
318.24008
318.24008
318.24008
318.24008
318.24008
318.24008
318.24008
318.24008
318.24008
318.24008
318.24008
318.24008
318.24008
318.24008
318.24008
318.24008
318.24008
318.24008
318.24008
318.24008
318.24008
318.24008
318.24008
318.24008
318.24008
318.24008
318.24008
301.27316
301.27316
301.27316
301.27316
301.27316
301.27316
301.27316
301.27316
301.27316
301.27316
301.27316
301.27316
301.27316
301.27316
301.27316
301.27316
301.27316
301.27316
301.27316
301.27316
301.27316
301.27316
301.27316
301.27316
301.27316
301.27316
301.27316
301.27316
301.27316
301.27316
301.27316
301.27316
301.27316
301.27316
301.27316
301.27316
307.57955
307.57955
307.57955
307.57955
307.57955
307.57955
307.57955
307.57955
307.57955
307.57955
307.57955
307.57955
307.57955
307.57955
307.57955
307.57955
307.57955
307.57955
307.57955
307.57955
307.57955
307.57955
307.57955
307.57955
307.57955
307.57955
307.57955
307.57955
307.57955
307.57955
307.57955
307.57955
307.57955
307.57955
307.57955
307.57955
314.08827
314.08826
314.08827
314.08827
314.08827
314.08827
314.08827
314.08827
314.08827
314.08827
314.08827
314.08827
314.08827
314.08827
314.08827
314.08827
314.08827
314.08827
314.08827
314.08827
314.08827
314.08827
314.08827
314.08827
314.08827
314.08827
314.08827
314.08827
314.08827
314.08827
314.08827
314.08827
314.08827
314.08827
314.08826
314.08826
321.01879
321.01879
321.01879
321.01879
321.01879
321.01879
321.01879
321.01879
321.01879
321.01879
321.01879
321.01879
321.01879
321.01879
321.01879
321.01879
321.01879
321.01879
321.01879
321.01879
321.01879
321.01879
321.01879
321.01879
321.01879
321.01879
321.01879
321.01879
321.01879
321.01879
321.01879
321.01879
321.01879
321.01879
321.01879
321.01879
301.50072
301.50072
301.50073
301.50073
301.50073
301.50073
301.50073
301.50073
301.50073
301.50074
301.50074
301.50074
301.50074
301.50074
301.50074
301.50074
301.50074
301.50074
301.50074
301.50074
301.50074
301.50074
301.50074
301.50074
301.50074
301.50074
301.50074
301.50074
301.50073
301.50073
301.50073
301.50073
301.50073
301.50073
301.50072
301.50072
308.26367
308.26367
308.26368
308.26369
308.2637
308.2637
308.26371
308.26371
308.26371
308.26371
308.26371
308.26371
308.26371
308.26371
308.26371
308.26371
308.26371
308.26371
308.26371
308.26371
308.26371
308.26371
308.26371
308.26371
308.26371
308.26371
308.26371
308.26371
308.26371
308.26371
308.26371
308.2637
308.2637
308.26369
308.26368
308.26367
315.23432
315.23432
315.23434
315.23435
315.23436
315.23437
315.23437
315.23437
315.23438
315.23438
315.23438
315.23438
315.23438
315.23438
315.23438
315.23438
315.23438
315.23438
315.23438
315.23438
315.23438
315.23438
315.23438
315.23438
315.23438
315.23438
315.23438
315.23438
315.23438
315.23437
315.23437
315.23437
315.23436
315.23435
315.23433
315.23432
322.63968
322.63968
322.63969
322.63971
322.63971
322.63972
322.63972
322.63972
322.63972
322.63972
322.63972
322.63972
322.63972
322.63972
322.63972
322.63972
322.63972
322.63972
322.63972
322.63972
322.63972
322.63972
322.63972
322.63972
322.63972
322.63972
322.63972
322.63972
322.63972
322.63972
322.63972
322.63972
322.63971
322.63971
322.6397
322.63969
)
;

boundaryField
{
    capOuterSurface_rotated
    {
        type            fixedValue;
        value           uniform 298.15;
    }
    cap_rotated_to_shell_rotated
    {
        type            compressible::turbulentTemperatureRadCoupledMixed;
        refValue        nonuniform List<scalar> 
36
(
298.20349
298.20349
298.20349
298.20349
298.20349
298.20349
298.20349
298.20349
298.20349
298.20349
298.20349
298.20349
298.20349
298.20349
298.20349
298.20349
298.20349
298.20349
298.20349
298.20349
298.20349
298.20349
298.20349
298.20349
298.20349
298.20349
298.20349
298.20349
298.20349
298.20349
298.20349
298.20349
298.20349
298.20349
298.20349
298.20349
)
;
        refGradient     uniform 0;
        valueFraction   nonuniform List<scalar> 
36
(
0.99003228
0.99003228
0.99003228
0.99003228
0.99003228
0.99003228
0.99003228
0.99003228
0.99003228
0.99003228
0.99003228
0.99003228
0.99003228
0.99003228
0.99003228
0.99003228
0.99003228
0.99003228
0.99003228
0.99003228
0.99003228
0.99003228
0.99003228
0.99003228
0.99003228
0.99003228
0.99003228
0.99003228
0.99003228
0.99003228
0.99003228
0.99003228
0.99003228
0.99003228
0.99003228
0.99003228
)
;
        source          uniform 0;
        value           nonuniform List<scalar> 
36
(
298.20538
298.20538
298.20538
298.20538
298.20538
298.20538
298.20538
298.20538
298.20538
298.20538
298.20538
298.20538
298.20538
298.20538
298.20538
298.20538
298.20538
298.20538
298.20538
298.20538
298.20538
298.20538
298.20538
298.20538
298.20538
298.20538
298.20538
298.20538
298.20538
298.20538
298.20538
298.20538
298.20538
298.20538
298.20538
298.20538
)
;
        logInterval     -1;
        writePrecision  8;
        updateHeader    1;
        writeToFile     0;
        useUserTime     1;
        kappaMethod     solidThermo;
    }
    cap_rotated_to_jellyRoll_rotated
    {
        type            compressible::turbulentTemperatureRadCoupledMixed;
        refValue        nonuniform List<scalar> 
432
(
298.83224
298.83224
298.83224
298.83224
298.83224
298.83224
298.83224
298.83224
298.83224
298.83224
298.83224
298.83224
298.83224
298.83224
298.83224
298.83224
298.83224
298.83224
298.83224
298.83224
298.83224
298.83224
298.83224
298.83224
298.83224
298.83224
298.83224
298.83224
298.83224
298.83224
298.83224
298.83224
298.83224
298.83224
298.83224
298.83224
300.08719
300.08719
300.08719
300.08719
300.08719
300.08719
300.08719
300.08719
300.08719
300.08719
300.08719
300.08719
300.08719
300.08719
300.08719
300.08719
300.08719
300.08719
300.08719
300.08719
300.08719
300.08719
300.08719
300.08719
300.08719
300.08719
300.08719
300.08719
300.08719
300.08719
300.08719
300.08719
300.08719
300.08719
300.08719
300.08719
301.5934
301.5934
301.5934
301.5934
301.5934
301.5934
301.5934
301.5934
301.5934
301.5934
301.5934
301.5934
301.5934
301.5934
301.5934
301.5934
301.5934
301.5934
301.5934
301.5934
301.5934
301.5934
301.5934
301.5934
301.5934
301.5934
301.5934
301.5934
301.5934
301.5934
301.5934
301.5934
301.5934
301.5934
301.5934
301.5934
303.39032
303.39032
303.39032
303.39032
303.39032
303.39032
303.39032
303.39032
303.39032
303.39032
303.39032
303.39032
303.39032
303.39032
303.39032
303.39032
303.39032
303.39032
303.39032
303.39032
303.39032
303.39032
303.39032
303.39032
303.39032
303.39032
303.39032
303.39032
303.39032
303.39032
303.39032
303.39032
303.39032
303.39032
303.39032
303.39032
305.51784
305.51784
305.51784
305.51784
305.51784
305.51784
305.51784
305.51784
305.51784
305.51784
305.51784
305.51784
305.51784
305.51784
305.51784
305.51784
305.51784
305.51784
305.51784
305.51784
305.51784
305.51784
305.51784
305.51784
305.51784
305.51784
305.51784
305.51784
305.51784
305.51784
305.51784
305.51784
305.51784
305.51784
305.51784
305.51784
308.01336
308.01336
308.01336
308.01336
308.01336
308.01336
308.01336
308.01336
308.01336
308.01336
308.01336
308.01336
308.01336
308.01336
308.01336
308.01336
308.01336
308.01336
308.01336
308.01336
308.01336
308.01336
308.01336
308.01336
308.01336
308.01336
308.01336
308.01336
308.01336
308.01336
308.01336
308.01336
308.01336
308.01336
308.01336
308.01336
310.9079
310.9079
310.9079
310.9079
310.9079
310.9079
310.9079
310.9079
310.9079
310.9079
310.9079
310.9079
310.90791
310.9079
310.90791
310.9079
310.9079
310.90791
310.90791
310.9079
310.9079
310.90791
310.9079
310.90791
310.9079
310.9079
310.90791
310.9079
310.9079
310.9079
310.9079
310.9079
310.9079
310.9079
310.9079
310.9079
314.22327
314.22327
314.22327
314.22327
314.22327
314.22327
314.22327
314.22327
314.22327
314.22327
314.22327
314.22327
314.22327
314.22327
314.22327
314.22327
314.22327
314.22327
314.22327
314.22327
314.22327
314.22327
314.22327
314.22327
314.22327
314.22327
314.22327
314.22327
314.22327
314.22327
314.22327
314.22327
314.22327
314.22327
314.22327
314.22327
317.97764
317.97764
317.97764
317.97764
317.97764
317.97764
317.97764
317.97764
317.97764
317.97764
317.97764
317.97764
317.97764
317.97764
317.97764
317.97764
317.97764
317.97764
317.97764
317.97764
317.97764
317.97764
317.97764
317.97764
317.97764
317.97764
317.97764
317.97764
317.97764
317.97764
317.97764
317.97764
317.97764
317.97764
317.97764
317.97764
321.68511
321.68511
321.68511
321.68511
321.68511
321.68511
321.68511
321.68511
321.68511
321.68511
321.68511
321.68511
321.68511
321.68511
321.68511
321.68511
321.68511
321.68511
321.68511
321.68511
321.68511
321.68511
321.68511
321.68511
321.68511
321.68511
321.68511
321.68511
321.68511
321.68511
321.68511
321.68511
321.68511
321.68511
321.68511
321.68511
324.91138
324.91138
324.91138
324.91138
324.91138
324.91138
324.91138
324.91138
324.91138
324.91138
324.91138
324.91138
324.91138
324.91138
324.91138
324.91138
324.91138
324.91138
324.91138
324.91138
324.91138
324.91138
324.91138
324.91138
324.91138
324.91138
324.91138
324.91138
324.91138
324.91138
324.91138
324.91138
324.91138
324.91138
324.91138
324.91138
326.78465
326.78465
326.78465
326.78465
326.78465
326.78465
326.78465
326.78465
326.78465
326.78465
326.78465
326.78465
326.78465
326.78465
326.78465
326.78465
326.78465
326.78465
326.78465
326.78465
326.78465
326.78465
326.78465
326.78465
326.78465
326.78465
326.78465
326.78465
326.78465
326.78465
326.78465
326.78465
326.78465
326.78465
326.78465
326.78465
)
;
        refGradient     uniform 0;
        valueFraction   nonuniform List<scalar> 
432
(
0.9944759
0.9944759
0.9944759
0.9944759
0.9944759
0.9944759
0.9944759
0.9944759
0.9944759
0.9944759
0.9944759
0.9944759
0.9944759
0.9944759
0.9944759
0.9944759
0.9944759
0.9944759
0.9944759
0.9944759
0.9944759
0.9944759
0.9944759
0.9944759
0.9944759
0.9944759
0.9944759
0.9944759
0.9944759
0.9944759
0.9944759
0.9944759
0.9944759
0.9944759
0.9944759
0.9944759
0.99447587
0.99447587
0.99447587
0.99447587
0.99447587
0.99447587
0.99447587
0.99447587
0.99447587
0.99447587
0.99447587
0.99447587
0.99447587
0.99447587
0.99447587
0.99447587
0.99447587
0.99447587
0.99447587
0.99447587
0.99447587
0.99447587
0.99447587
0.99447587
0.99447587
0.99447587
0.99447587
0.99447587
0.99447587
0.99447587
0.99447587
0.99447587
0.99447587
0.99447587
0.99447587
0.99447587
0.99447584
0.99447584
0.99447584
0.99447584
0.99447584
0.99447584
0.99447584
0.99447584
0.99447584
0.99447584
0.99447584
0.99447584
0.99447584
0.99447584
0.99447584
0.99447584
0.99447584
0.99447584
0.99447584
0.99447584
0.99447584
0.99447584
0.99447584
0.99447584
0.99447584
0.99447584
0.99447584
0.99447584
0.99447584
0.99447584
0.99447584
0.99447584
0.99447584
0.99447584
0.99447584
0.99447584
0.99447581
0.99447581
0.99447581
0.99447581
0.99447581
0.99447581
0.99447581
0.99447581
0.99447581
0.99447581
0.99447581
0.99447581
0.99447581
0.99447581
0.99447581
0.99447581
0.99447581
0.99447581
0.99447581
0.99447581
0.99447581
0.99447581
0.99447581
0.99447581
0.99447581
0.99447581
0.99447581
0.99447581
0.99447581
0.99447581
0.99447581
0.99447581
0.99447581
0.99447581
0.99447581
0.99447581
0.99447578
0.99447578
0.99447578
0.99447578
0.99447578
0.99447578
0.99447578
0.99447578
0.99447578
0.99447578
0.99447578
0.99447578
0.99447578
0.99447578
0.99447578
0.99447578
0.99447578
0.99447578
0.99447578
0.99447578
0.99447578
0.99447578
0.99447578
0.99447578
0.99447578
0.99447578
0.99447578
0.99447578
0.99447578
0.99447578
0.99447578
0.99447578
0.99447578
0.99447578
0.99447578
0.99447578
0.99447575
0.99447575
0.99447575
0.99447575
0.99447575
0.99447575
0.99447575
0.99447575
0.99447575
0.99447575
0.99447575
0.99447575
0.99447575
0.99447575
0.99447575
0.99447575
0.99447575
0.99447575
0.99447575
0.99447575
0.99447575
0.99447575
0.99447575
0.99447575
0.99447575
0.99447575
0.99447575
0.99447575
0.99447575
0.99447575
0.99447575
0.99447575
0.99447575
0.99447575
0.99447575
0.99447575
0.99447572
0.99447572
0.99447572
0.99447572
0.99447572
0.99447572
0.99447572
0.99447572
0.99447572
0.99447572
0.99447572
0.99447572
0.99447572
0.99447572
0.99447572
0.99447572
0.99447572
0.99447572
0.99447572
0.99447572
0.99447572
0.99447572
0.99447572
0.99447572
0.99447572
0.99447572
0.99447572
0.99447572
0.99447572
0.99447572
0.99447572
0.99447572
0.99447572
0.99447572
0.99447572
0.99447572
0.99447568
0.99447568
0.99447568
0.99447568
0.99447568
0.99447568
0.99447568
0.99447568
0.99447568
0.99447568
0.99447568
0.99447568
0.99447568
0.99447568
0.99447568
0.99447568
0.99447568
0.99447568
0.99447568
0.99447568
0.99447568
0.99447568
0.99447568
0.99447568
0.99447568
0.99447568
0.99447568
0.99447568
0.99447568
0.99447568
0.99447568
0.99447568
0.99447568
0.99447568
0.99447568
0.99447568
0.99447563
0.99447563
0.99447563
0.99447563
0.99447563
0.99447563
0.99447563
0.99447563
0.99447563
0.99447563
0.99447563
0.99447563
0.99447563
0.99447563
0.99447563
0.99447563
0.99447563
0.99447563
0.99447563
0.99447563
0.99447563
0.99447563
0.99447563
0.99447563
0.99447563
0.99447563
0.99447563
0.99447563
0.99447563
0.99447563
0.99447563
0.99447563
0.99447563
0.99447563
0.99447563
0.99447563
0.99447559
0.99447559
0.99447559
0.99447559
0.99447559
0.99447559
0.99447559
0.99447559
0.99447559
0.99447559
0.99447559
0.99447559
0.99447559
0.99447559
0.99447559
0.99447559
0.99447559
0.99447559
0.99447559
0.99447559
0.99447559
0.99447559
0.99447559
0.99447559
0.99447559
0.99447559
0.99447559
0.99447559
0.99447559
0.99447559
0.99447559
0.99447559
0.99447559
0.99447559
0.99447559
0.99447559
0.99447555
0.99447555
0.99447555
0.99447555
0.99447555
0.99447555
0.99447555
0.99447555
0.99447555
0.99447555
0.99447555
0.99447555
0.99447555
0.99447555
0.99447555
0.99447555
0.99447555
0.99447555
0.99447555
0.99447555
0.99447555
0.99447555
0.99447555
0.99447555
0.99447555
0.99447555
0.99447555
0.99447555
0.99447555
0.99447555
0.99447555
0.99447555
0.99447555
0.99447555
0.99447555
0.99447555
0.99447553
0.99447553
0.99447553
0.99447553
0.99447553
0.99447553
0.99447553
0.99447553
0.99447553
0.99447553
0.99447553
0.99447553
0.99447553
0.99447553
0.99447553
0.99447553
0.99447553
0.99447553
0.99447553
0.99447553
0.99447553
0.99447553
0.99447553
0.99447553
0.99447553
0.99447553
0.99447553
0.99447553
0.99447553
0.99447553
0.99447553
0.99447553
0.99447553
0.99447553
0.99447553
0.99447553
)
;
        source          uniform 0;
        value           nonuniform List<scalar> 
432
(
298.83327
298.83327
298.83327
298.83327
298.83327
298.83327
298.83327
298.83327
298.83327
298.83327
298.83327
298.83327
298.83327
298.83327
298.83327
298.83327
298.83327
298.83327
298.83327
298.83327
298.83327
298.83327
298.83327
298.83327
298.83327
298.83327
298.83327
298.83327
298.83327
298.83327
298.83327
298.83327
298.83327
298.83327
298.83327
298.83327
300.08617
300.08617
300.08617
300.08617
300.08617
300.08617
300.08617
300.08617
300.08617
300.08617
300.08617
300.08617
300.08617
300.08617
300.08617
300.08617
300.08617
300.08617
300.08617
300.08617
300.08617
300.08617
300.08617
300.08617
300.08617
300.08617
300.08617
300.08617
300.08617
300.08617
300.08617
300.08617
300.08617
300.08617
300.08617
300.08617
301.59065
301.59065
301.59065
301.59065
301.59065
301.59065
301.59065
301.59065
301.59065
301.59065
301.59065
301.59065
301.59065
301.59065
301.59065
301.59065
301.59065
301.59065
301.59065
301.59065
301.59065
301.59065
301.59065
301.59065
301.59065
301.59065
301.59065
301.59065
301.59065
301.59065
301.59065
301.59065
301.59065
301.59065
301.59065
301.59065
303.3859
303.3859
303.38591
303.38591
303.38591
303.38591
303.38591
303.3859
303.3859
303.3859
303.38591
303.38591
303.38591
303.38591
303.38591
303.38591
303.38591
303.3859
303.3859
303.38591
303.38591
303.38591
303.38591
303.38591
303.38591
303.38591
303.3859
303.3859
303.38591
303.38591
303.38591
303.38591
303.38591
303.38591
303.3859
303.3859
305.51166
305.51166
305.51166
305.51166
305.51166
305.51166
305.51166
305.51166
305.51166
305.51166
305.51166
305.51166
305.51166
305.51166
305.51166
305.51166
305.51166
305.51166
305.51166
305.51166
305.51166
305.51166
305.51166
305.51166
305.51166
305.51166
305.51166
305.51166
305.51166
305.51166
305.51166
305.51166
305.51166
305.51166
305.51166
305.51166
308.00518
308.00518
308.00518
308.00518
308.00518
308.00518
308.00518
308.00518
308.00518
308.00518
308.00518
308.00518
308.00518
308.00518
308.00518
308.00518
308.00518
308.00518
308.00518
308.00518
308.00518
308.00518
308.00518
308.00518
308.00518
308.00518
308.00518
308.00518
308.00518
308.00518
308.00518
308.00518
308.00518
308.00518
308.00518
308.00518
310.89746
310.89746
310.89746
310.89746
310.89746
310.89746
310.89746
310.89746
310.89746
310.89746
310.89746
310.89746
310.89746
310.89746
310.89746
310.89746
310.89746
310.89746
310.89746
310.89746
310.89746
310.89746
310.89746
310.89746
310.89746
310.89746
310.89746
310.89746
310.89746
310.89746
310.89746
310.89746
310.89746
310.89746
310.89746
310.89746
314.21021
314.21021
314.21021
314.21021
314.21021
314.21021
314.21021
314.21021
314.21021
314.21021
314.21021
314.21021
314.21021
314.21021
314.21021
314.21021
314.21021
314.21021
314.21021
314.21021
314.21021
314.21021
314.21021
314.21021
314.21021
314.21021
314.21021
314.21021
314.21021
314.21021
314.21021
314.21021
314.21021
314.21021
314.21021
314.21021
317.96149
317.96149
317.96149
317.96149
317.96149
317.96149
317.96149
317.96149
317.96149
317.96149
317.96149
317.96149
317.96149
317.96149
317.96149
317.96149
317.96149
317.96149
317.96149
317.96149
317.96149
317.96149
317.96149
317.96149
317.96149
317.96149
317.96149
317.96149
317.96149
317.96149
317.96149
317.96149
317.96149
317.96149
317.96149
317.96149
321.66604
321.66604
321.66604
321.66604
321.66604
321.66604
321.66604
321.66604
321.66604
321.66604
321.66604
321.66604
321.66604
321.66604
321.66604
321.66604
321.66604
321.66604
321.66604
321.66604
321.66604
321.66604
321.66604
321.66604
321.66604
321.66604
321.66604
321.66604
321.66604
321.66604
321.66604
321.66604
321.66604
321.66604
321.66604
321.66604
324.88984
324.88984
324.88984
324.88984
324.88984
324.88984
324.88984
324.88984
324.88984
324.88984
324.88984
324.88984
324.88984
324.88984
324.88984
324.88984
324.88984
324.88984
324.88984
324.88984
324.88984
324.88984
324.88984
324.88984
324.88984
324.88984
324.88984
324.88984
324.88984
324.88984
324.88984
324.88984
324.88984
324.88984
324.88984
324.88984
326.76171
326.76171
326.76171
326.76171
326.76171
326.76171
326.76171
326.76171
326.76171
326.76171
326.76171
326.76171
326.76171
326.76171
326.76171
326.76171
326.76171
326.76171
326.76171
326.76171
326.76171
326.76171
326.76171
326.76171
326.76171
326.76171
326.76171
326.76171
326.76171
326.76171
326.76171
326.76171
326.76171
326.76171
326.76171
326.76171
)
;
        logInterval     -1;
        writePrecision  8;
        updateHeader    1;
        writeToFile     0;
        useUserTime     1;
        kappaMethod     solidThermo;
    }
}


// ************************************************************************* //
