/*--------------------------------*- C++ -*----------------------------------*\
| =========                 |                                                 |
| \\      /  F ield         | OpenFOAM: The Open Source CFD Toolbox           |
|  \\    /   O peration     | Version:  2506                                  |
|   \\  /    A nd           | Website:  www.openfoam.com                      |
|    \\/     M anipulation  |                                                 |
\*---------------------------------------------------------------------------*/
FoamFile
{
    version     2.0;
    format      ascii;
    arch        "LSB;label=32;scalar=64";
    class       volScalarField;
    location    "280/cap_rotated";
    object      T;
}
// * * * * * * * * * * * * * * * * * * * * * * * * * * * * * * * * * * * * * //

dimensions      [0 0 0 1 0 0 0];

internalField   nonuniform List<scalar> 
1872
(
298.19984
298.19984
298.19984
298.19984
298.19984
298.19984
298.19984
298.19984
298.19984
298.19984
298.19984
298.19984
298.19984
298.19984
298.19984
298.19984
298.19984
298.19984
298.19984
298.19984
298.19984
298.19984
298.19984
298.19984
298.19984
298.19984
298.19984
298.19984
298.19984
298.19984
298.19984
298.19984
298.19984
298.19984
298.19984
298.19984
298.29639
298.29639
298.29639
298.29639
298.29639
298.29639
298.29639
298.29639
298.29639
298.29639
298.29639
298.29639
298.29639
298.29639
298.29639
298.29639
298.29639
298.29639
298.29639
298.29639
298.29639
298.29639
298.29639
298.29639
298.29639
298.29639
298.29639
298.29639
298.29639
298.29639
298.29639
298.29639
298.29639
298.29639
298.29639
298.29639
298.37657
298.37657
298.37657
298.37657
298.37657
298.37657
298.37657
298.37657
298.37657
298.37657
298.37657
298.37657
298.37657
298.37657
298.37657
298.37657
298.37657
298.37657
298.37657
298.37657
298.37657
298.37657
298.37657
298.37657
298.37657
298.37657
298.37657
298.37657
298.37657
298.37657
298.37657
298.37657
298.37657
298.37657
298.37657
298.37657
298.3842
298.3842
298.3842
298.3842
298.3842
298.3842
298.3842
298.3842
298.3842
298.3842
298.3842
298.3842
298.3842
298.3842
298.3842
298.3842
298.3842
298.3842
298.3842
298.3842
298.3842
298.3842
298.3842
298.3842
298.3842
298.3842
298.3842
298.3842
298.3842
298.3842
298.3842
298.3842
298.3842
298.3842
298.3842
298.3842
298.29916
298.29916
298.29916
298.29916
298.29916
298.29916
298.29916
298.29916
298.29916
298.29916
298.29916
298.29916
298.29916
298.29916
298.29916
298.29916
298.29916
298.29916
298.29916
298.29916
298.29916
298.29916
298.29916
298.29916
298.29916
298.29916
298.29916
298.29916
298.29916
298.29916
298.29916
298.29916
298.29916
298.29916
298.29916
298.29916
298.59085
298.59085
298.59085
298.59085
298.59085
298.59085
298.59085
298.59085
298.59085
298.59085
298.59085
298.59085
298.59085
298.59085
298.59085
298.59085
298.59085
298.59085
298.59085
298.59085
298.59085
298.59085
298.59085
298.59085
298.59085
298.59085
298.59085
298.59085
298.59085
298.59085
298.59085
298.59085
298.59085
298.59085
298.59085
298.59085
298.85014
298.85014
298.85014
298.85014
298.85014
298.85014
298.85014
298.85014
298.85014
298.85014
298.85014
298.85014
298.85014
298.85014
298.85014
298.85014
298.85014
298.85014
298.85014
298.85014
298.85014
298.85014
298.85014
298.85014
298.85014
298.85014
298.85014
298.85014
298.85014
298.85014
298.85014
298.85014
298.85014
298.85014
298.85014
298.85014
298.9854
298.9854
298.9854
298.9854
298.9854
298.9854
298.9854
298.9854
298.9854
298.9854
298.9854
298.9854
298.9854
298.9854
298.9854
298.9854
298.9854
298.9854
298.9854
298.9854
298.9854
298.9854
298.9854
298.9854
298.9854
298.9854
298.9854
298.9854
298.9854
298.9854
298.9854
298.9854
298.9854
298.9854
298.9854
298.9854
298.41008
298.41008
298.41008
298.41008
298.41008
298.41008
298.41008
298.41008
298.41008
298.41008
298.41008
298.41008
298.41008
298.41008
298.41008
298.41008
298.41008
298.41008
298.41008
298.41008
298.41008
298.41008
298.41008
298.41008
298.41008
298.41008
298.41008
298.41008
298.41008
298.41008
298.41008
298.41008
298.41008
298.41008
298.41008
298.41008
298.92435
298.92435
298.92435
298.92435
298.92435
298.92435
298.92435
298.92435
298.92435
298.92435
298.92435
298.92435
298.92435
298.92435
298.92435
298.92435
298.92435
298.92435
298.92435
298.92435
298.92435
298.92435
298.92435
298.92435
298.92435
298.92435
298.92435
298.92435
298.92435
298.92435
298.92435
298.92435
298.92435
298.92435
298.92435
298.92435
299.41317
299.41317
299.41317
299.41317
299.41317
299.41317
299.41317
299.41317
299.41317
299.41317
299.41317
299.41317
299.41317
299.41317
299.41317
299.41317
299.41317
299.41317
299.41317
299.41317
299.41317
299.41317
299.41317
299.41317
299.41317
299.41317
299.41317
299.41317
299.41317
299.41317
299.41317
299.41317
299.41317
299.41317
299.41317
299.41317
299.83184
299.83184
299.83184
299.83184
299.83184
299.83184
299.83184
299.83184
299.83184
299.83184
299.83184
299.83184
299.83184
299.83184
299.83184
299.83184
299.83184
299.83184
299.83184
299.83184
299.83184
299.83184
299.83184
299.83184
299.83184
299.83184
299.83184
299.83184
299.83184
299.83184
299.83184
299.83184
299.83184
299.83184
299.83184
299.83184
298.55453
298.55453
298.55453
298.55453
298.55453
298.55453
298.55453
298.55453
298.55453
298.55453
298.55453
298.55453
298.55453
298.55453
298.55453
298.55453
298.55453
298.55453
298.55453
298.55453
298.55453
298.55453
298.55453
298.55453
298.55453
298.55453
298.55453
298.55453
298.55453
298.55453
298.55453
298.55453
298.55453
298.55453
298.55453
298.55453
299.36317
299.36317
299.36317
299.36317
299.36317
299.36317
299.36317
299.36317
299.36317
299.36317
299.36317
299.36317
299.36317
299.36317
299.36317
299.36317
299.36317
299.36317
299.36317
299.36317
299.36317
299.36317
299.36317
299.36317
299.36317
299.36317
299.36317
299.36317
299.36317
299.36317
299.36317
299.36317
299.36317
299.36317
299.36317
299.36317
300.16981
300.16981
300.16981
300.16981
300.16981
300.16981
300.16981
300.16981
300.16981
300.16981
300.16981
300.16981
300.16981
300.16981
300.16981
300.16981
300.16981
300.16981
300.16981
300.16981
300.16981
300.16981
300.16981
300.16981
300.16981
300.16981
300.16981
300.16981
300.16981
300.16981
300.16981
300.16981
300.16981
300.16981
300.16981
300.16981
300.97798
300.97798
300.97798
300.97798
300.97798
300.97798
300.97798
300.97798
300.97798
300.97798
300.97798
300.97798
300.97798
300.97798
300.97798
300.97798
300.97798
300.97798
300.97798
300.97798
300.97798
300.97798
300.97798
300.97798
300.97798
300.97798
300.97798
300.97798
300.97798
300.97798
300.97798
300.97798
300.97798
300.97798
300.97798
300.97798
298.7409
298.7409
298.7409
298.7409
298.7409
298.7409
298.7409
298.7409
298.7409
298.7409
298.7409
298.7409
298.7409
298.7409
298.7409
298.7409
298.7409
298.7409
298.7409
298.7409
298.7409
298.7409
298.7409
298.7409
298.7409
298.7409
298.7409
298.7409
298.7409
298.7409
298.7409
298.7409
298.7409
298.7409
298.7409
298.7409
299.9302
299.9302
299.9302
299.9302
299.9302
299.9302
299.9302
299.9302
299.9302
299.9302
299.9302
299.9302
299.9302
299.9302
299.9302
299.9302
299.9302
299.9302
299.9302
299.9302
299.9302
299.9302
299.9302
299.9302
299.9302
299.9302
299.9302
299.9302
299.9302
299.9302
299.9302
299.9302
299.9302
299.9302
299.9302
299.9302
301.14479
301.14479
301.14479
301.14479
301.14479
301.14479
301.14479
301.14479
301.14479
301.14479
301.14479
301.14479
301.14479
301.14479
301.14479
301.14479
301.14479
301.14479
301.14479
301.14479
301.14479
301.14479
301.14479
301.14479
301.14479
301.14479
301.14479
301.14479
301.14479
301.14479
301.14479
301.14479
301.14479
301.14479
301.14479
301.14478
302.41601
302.41601
302.41601
302.41601
302.41601
302.41601
302.41601
302.41601
302.41601
302.41601
302.41601
302.41601
302.41601
302.41601
302.41601
302.41601
302.41601
302.41601
302.41601
302.41601
302.41601
302.41601
302.41601
302.41601
302.41601
302.41601
302.41601
302.41601
302.41601
302.41601
302.41601
302.41601
302.41601
302.41601
302.41601
302.41601
298.97517
298.97517
298.97517
298.97517
298.97517
298.97517
298.97517
298.97517
298.97517
298.97517
298.97517
298.97517
298.97517
298.97517
298.97517
298.97517
298.97517
298.97517
298.97517
298.97517
298.97517
298.97517
298.97517
298.97517
298.97517
298.97517
298.97517
298.97517
298.97517
298.97517
298.97517
298.97517
298.97517
298.97517
298.97517
298.97517
300.64019
300.64019
300.64019
300.64019
300.64019
300.64019
300.64019
300.64019
300.64019
300.64019
300.64019
300.64019
300.64019
300.64019
300.64019
300.64019
300.64019
300.64019
300.64019
300.64019
300.64019
300.64019
300.64019
300.64019
300.64019
300.64019
300.64019
300.64019
300.64019
300.64019
300.64019
300.64019
300.64019
300.64019
300.64019
300.64019
302.35226
302.35226
302.35226
302.35226
302.35226
302.35226
302.35226
302.35226
302.35226
302.35226
302.35226
302.35226
302.35226
302.35226
302.35226
302.35226
302.35226
302.35226
302.35226
302.35226
302.35226
302.35226
302.35226
302.35226
302.35226
302.35226
302.35226
302.35226
302.35226
302.35226
302.35226
302.35226
302.35226
302.35226
302.35226
302.35226
304.15547
304.15547
304.15547
304.15547
304.15547
304.15547
304.15547
304.15547
304.15547
304.15547
304.15547
304.15547
304.15547
304.15547
304.15547
304.15547
304.15547
304.15547
304.15547
304.15547
304.15547
304.15547
304.15547
304.15547
304.15547
304.15547
304.15547
304.15547
304.15547
304.15547
304.15547
304.15547
304.15547
304.15547
304.15547
304.15547
299.26012
299.26012
299.26012
299.26012
299.26012
299.26012
299.26012
299.26012
299.26012
299.26012
299.26012
299.26012
299.26012
299.26012
299.26012
299.26012
299.26012
299.26012
299.26012
299.26012
299.26012
299.26012
299.26012
299.26012
299.26012
299.26012
299.26012
299.26012
299.26012
299.26012
299.26012
299.26012
299.26012
299.26012
299.26012
299.26012
301.50002
301.50002
301.50002
301.50002
301.50002
301.50002
301.50002
301.50002
301.50002
301.50002
301.50002
301.50002
301.50002
301.50002
301.50002
301.50002
301.50002
301.50002
301.50002
301.50002
301.50002
301.50002
301.50002
301.50002
301.50002
301.50002
301.50002
301.50002
301.50002
301.50002
301.50002
301.50002
301.50002
301.50002
301.50002
301.50002
303.8012
303.8012
303.8012
303.8012
303.8012
303.8012
303.8012
303.8012
303.8012
303.8012
303.8012
303.8012
303.8012
303.8012
303.8012
303.8012
303.8012
303.8012
303.8012
303.8012
303.8012
303.8012
303.8012
303.8012
303.8012
303.8012
303.8012
303.8012
303.8012
303.8012
303.8012
303.8012
303.8012
303.8012
303.8012
303.8012
306.21462
306.21462
306.21462
306.21462
306.21462
306.21462
306.21462
306.21462
306.21462
306.21462
306.21462
306.21462
306.21462
306.21462
306.21462
306.21462
306.21462
306.21462
306.21462
306.21462
306.21462
306.21462
306.21462
306.21462
306.21462
306.21462
306.21462
306.21462
306.21462
306.21462
306.21462
306.21462
306.21462
306.21462
306.21462
306.21462
299.59611
299.59611
299.59611
299.59611
299.59611
299.59611
299.59611
299.59611
299.59611
299.59611
299.59611
299.59611
299.59611
299.59611
299.59611
299.59611
299.59611
299.59611
299.59611
299.59611
299.59611
299.59611
299.59611
299.59611
299.59611
299.59611
299.59611
299.59611
299.59611
299.59611
299.59611
299.59611
299.59611
299.59611
299.59611
299.59611
302.51118
302.51118
302.51118
302.51118
302.51118
302.51118
302.51118
302.51118
302.51118
302.51118
302.51118
302.51118
302.51118
302.51118
302.51118
302.51118
302.51118
302.51118
302.51118
302.51118
302.51118
302.51118
302.51118
302.51118
302.51118
302.51118
302.51118
302.51118
302.51118
302.51118
302.51118
302.51118
302.51118
302.51118
302.51118
302.51118
305.49693
305.49693
305.49693
305.49693
305.49693
305.49693
305.49693
305.49693
305.49693
305.49693
305.49693
305.49693
305.49693
305.49693
305.49693
305.49693
305.49693
305.49693
305.49693
305.49693
305.49693
305.49693
305.49693
305.49693
305.49693
305.49693
305.49693
305.49693
305.49693
305.49693
305.49693
305.49693
305.49693
305.49693
305.49693
305.49693
308.61049
308.61049
308.61049
308.61049
308.61049
308.61049
308.61049
308.61049
308.61049
308.61049
308.61049
308.61049
308.61049
308.61049
308.61049
308.61049
308.61049
308.61049
308.61049
308.61049
308.61049
308.61049
308.61049
308.61049
308.61049
308.61049
308.61049
308.61049
308.61049
308.61049
308.61049
308.61049
308.61049
308.61049
308.61049
308.61049
299.98129
299.98129
299.98129
299.98129
299.98129
299.98129
299.98129
299.98129
299.98129
299.98129
299.98129
299.98129
299.98129
299.98129
299.98129
299.98129
299.98129
299.98129
299.98129
299.98129
299.98129
299.98129
299.98129
299.98129
299.98129
299.98129
299.98129
299.98129
299.98129
299.98129
299.98129
299.98129
299.98129
299.98129
299.98129
299.98128
303.66938
303.66938
303.66938
303.66938
303.66938
303.66938
303.66938
303.66938
303.66938
303.66938
303.66938
303.66938
303.66938
303.66938
303.66938
303.66938
303.66938
303.66938
303.66938
303.66938
303.66938
303.66938
303.66938
303.66938
303.66938
303.66938
303.66938
303.66938
303.66938
303.66938
303.66938
303.66938
303.66938
303.66938
303.66938
303.66938
307.43679
307.43679
307.43679
307.43679
307.43679
307.43679
307.43679
307.43679
307.43679
307.43679
307.43679
307.43679
307.43679
307.43679
307.43679
307.43679
307.43679
307.43679
307.43679
307.43679
307.43679
307.43679
307.43679
307.43679
307.43679
307.43679
307.43679
307.43679
307.43679
307.43679
307.43679
307.43679
307.43679
307.43679
307.43679
307.43679
311.34899
311.34899
311.34899
311.34899
311.34899
311.34899
311.34899
311.34899
311.34899
311.34899
311.34899
311.34899
311.34899
311.34899
311.34899
311.34899
311.34899
311.34899
311.34899
311.34899
311.34899
311.34899
311.34899
311.34899
311.34899
311.34899
311.34899
311.34899
311.34899
311.34899
311.34899
311.34899
311.34899
311.34899
311.34899
311.34899
300.40778
300.40778
300.40778
300.40778
300.40778
300.40778
300.40778
300.40778
300.40778
300.40778
300.40778
300.40778
300.40778
300.40778
300.40778
300.40778
300.40778
300.40778
300.40778
300.40778
300.40778
300.40778
300.40778
300.40778
300.40778
300.40778
300.40778
300.40778
300.40778
300.40778
300.40778
300.40778
300.40778
300.40778
300.40778
300.40778
304.95295
304.95294
304.95294
304.95294
304.95294
304.95294
304.95294
304.95294
304.95294
304.95294
304.95294
304.95294
304.95294
304.95294
304.95294
304.95294
304.95294
304.95294
304.95294
304.95294
304.95294
304.95294
304.95294
304.95294
304.95294
304.95294
304.95294
304.95294
304.95294
304.95294
304.95294
304.95294
304.95294
304.95294
304.95294
304.95294
309.59186
309.59186
309.59186
309.59186
309.59186
309.59186
309.59186
309.59186
309.59186
309.59186
309.59186
309.59186
309.59186
309.59186
309.59186
309.59186
309.59186
309.59186
309.59186
309.59186
309.59186
309.59186
309.59186
309.59186
309.59186
309.59186
309.59186
309.59186
309.59186
309.59186
309.59186
309.59186
309.59186
309.59186
309.59186
309.59186
314.40781
314.40781
314.40781
314.40781
314.40781
314.40781
314.40781
314.40781
314.40781
314.40781
314.40781
314.40781
314.40781
314.40781
314.40781
314.40781
314.40781
314.40781
314.40781
314.40781
314.40781
314.40781
314.40781
314.40781
314.40781
314.40781
314.40781
314.40781
314.40781
314.40781
314.40781
314.40781
314.40781
314.40781
314.40781
314.40781
300.84008
300.84008
300.84008
300.84008
300.84008
300.84008
300.84008
300.84008
300.84008
300.84008
300.84008
300.84008
300.84008
300.84008
300.84008
300.84008
300.84008
300.84008
300.84008
300.84008
300.84008
300.84008
300.84008
300.84008
300.84008
300.84008
300.84008
300.84008
300.84008
300.84008
300.84008
300.84008
300.84008
300.84008
300.84008
300.84008
306.25164
306.25164
306.25164
306.25164
306.25164
306.25164
306.25164
306.25164
306.25164
306.25164
306.25164
306.25164
306.25164
306.25164
306.25164
306.25164
306.25164
306.25164
306.25164
306.25164
306.25164
306.25164
306.25164
306.25164
306.25164
306.25164
306.25164
306.25164
306.25164
306.25164
306.25164
306.25164
306.25164
306.25164
306.25164
306.25163
311.76401
311.76401
311.76401
311.76401
311.76401
311.76401
311.76401
311.76401
311.76401
311.76401
311.76401
311.76401
311.76401
311.76401
311.76401
311.76401
311.76401
311.76401
311.76401
311.76401
311.76401
311.76401
311.76401
311.76401
311.76401
311.76401
311.76401
311.76401
311.76401
311.76401
311.76401
311.76401
311.76401
311.76401
311.76401
311.76401
317.47096
317.47096
317.47096
317.47096
317.47096
317.47096
317.47096
317.47096
317.47096
317.47096
317.47096
317.47096
317.47096
317.47096
317.47096
317.47096
317.47096
317.47096
317.47096
317.47096
317.47096
317.47096
317.47096
317.47096
317.47096
317.47096
317.47096
317.47096
317.47096
317.47096
317.47096
317.47096
317.47096
317.47096
317.47096
317.47096
301.22201
301.222
301.222
301.222
301.222
301.222
301.222
301.222
301.222
301.222
301.222
301.222
301.222
301.222
301.222
301.222
301.222
301.222
301.222
301.222
301.222
301.222
301.222
301.222
301.222
301.222
301.222
301.222
301.222
301.222
301.222
301.222
301.222
301.222
301.222
301.222
307.39774
307.39774
307.39774
307.39774
307.39774
307.39774
307.39774
307.39774
307.39774
307.39774
307.39774
307.39774
307.39774
307.39774
307.39774
307.39774
307.39774
307.39774
307.39774
307.39774
307.39774
307.39774
307.39774
307.39774
307.39774
307.39774
307.39774
307.39774
307.39774
307.39774
307.39774
307.39774
307.39774
307.39774
307.39774
307.39774
313.67679
313.67678
313.67679
313.67679
313.67679
313.67679
313.67679
313.67679
313.67679
313.67679
313.67679
313.67679
313.67679
313.67679
313.67679
313.67679
313.67679
313.67679
313.67679
313.67679
313.67679
313.67679
313.67679
313.67679
313.67679
313.67679
313.67679
313.67679
313.67679
313.67679
313.67679
313.67679
313.67679
313.67679
313.67678
313.67678
320.16021
320.16021
320.16021
320.16021
320.16021
320.16021
320.16021
320.16021
320.16021
320.16021
320.16021
320.16021
320.16021
320.16021
320.16021
320.16021
320.16021
320.16021
320.16021
320.16021
320.16021
320.16021
320.16021
320.16021
320.16021
320.16021
320.16021
320.16021
320.16021
320.16021
320.16021
320.16021
320.16021
320.16021
320.16021
320.16021
301.4479
301.4479
301.4479
301.44791
301.44791
301.44791
301.44791
301.44791
301.44791
301.44791
301.44791
301.44791
301.44791
301.44791
301.44791
301.44791
301.44791
301.44791
301.44791
301.44791
301.44791
301.44791
301.44791
301.44791
301.44791
301.44791
301.44791
301.44791
301.44791
301.44791
301.44791
301.44791
301.44791
301.4479
301.4479
301.4479
308.07449
308.07449
308.07449
308.0745
308.0745
308.0745
308.0745
308.0745
308.0745
308.0745
308.0745
308.0745
308.0745
308.0745
308.0745
308.0745
308.0745
308.0745
308.0745
308.0745
308.0745
308.0745
308.0745
308.0745
308.0745
308.0745
308.0745
308.0745
308.0745
308.0745
308.0745
308.0745
308.0745
308.0745
308.07449
308.07448
314.8027
314.80269
314.8027
314.80271
314.80272
314.80272
314.80272
314.80272
314.80272
314.80272
314.80272
314.80272
314.80272
314.80272
314.80272
314.80272
314.80272
314.80272
314.80272
314.80272
314.80272
314.80272
314.80272
314.80272
314.80272
314.80272
314.80272
314.80272
314.80272
314.80272
314.80272
314.80272
314.80272
314.80271
314.8027
314.80268
321.73662
321.73661
321.73663
321.73665
321.73665
321.73665
321.73665
321.73665
321.73665
321.73666
321.73666
321.73666
321.73666
321.73666
321.73666
321.73666
321.73666
321.73666
321.73666
321.73666
321.73666
321.73666
321.73666
321.73666
321.73666
321.73666
321.73666
321.73666
321.73665
321.73665
321.73665
321.73665
321.73665
321.73664
321.73663
321.73661
)
;

boundaryField
{
    capOuterSurface_rotated
    {
        type            fixedValue;
        value           uniform 298.15;
    }
    cap_rotated_to_shell_rotated
    {
        type            compressible::turbulentTemperatureRadCoupledMixed;
        refValue        nonuniform List<scalar> 
36
(
298.2006
298.2006
298.2006
298.2006
298.2006
298.2006
298.2006
298.2006
298.2006
298.2006
298.2006
298.2006
298.2006
298.2006
298.2006
298.2006
298.2006
298.2006
298.2006
298.2006
298.2006
298.2006
298.2006
298.2006
298.2006
298.2006
298.2006
298.2006
298.2006
298.2006
298.2006
298.2006
298.2006
298.2006
298.2006
298.2006
)
;
        refGradient     uniform 0;
        valueFraction   nonuniform List<scalar> 
36
(
0.99003228
0.99003228
0.99003228
0.99003228
0.99003228
0.99003228
0.99003228
0.99003228
0.99003228
0.99003228
0.99003228
0.99003228
0.99003228
0.99003228
0.99003228
0.99003228
0.99003228
0.99003228
0.99003228
0.99003228
0.99003228
0.99003228
0.99003228
0.99003228
0.99003228
0.99003228
0.99003228
0.99003228
0.99003228
0.99003228
0.99003228
0.99003228
0.99003228
0.99003228
0.99003228
0.99003228
)
;
        source          uniform 0;
        value           nonuniform List<scalar> 
36
(
298.20243
298.20243
298.20243
298.20243
298.20243
298.20243
298.20243
298.20243
298.20243
298.20243
298.20243
298.20243
298.20243
298.20243
298.20243
298.20243
298.20243
298.20243
298.20243
298.20243
298.20243
298.20243
298.20243
298.20243
298.20243
298.20243
298.20243
298.20243
298.20243
298.20243
298.20243
298.20243
298.20243
298.20243
298.20243
298.20243
)
;
        logInterval     -1;
        writePrecision  8;
        updateHeader    1;
        writeToFile     0;
        useUserTime     1;
        kappaMethod     solidThermo;
    }
    cap_rotated_to_jellyRoll_rotated
    {
        type            compressible::turbulentTemperatureRadCoupledMixed;
        refValue        nonuniform List<scalar> 
432
(
298.79529
298.79529
298.79529
298.79529
298.79529
298.79529
298.79529
298.79529
298.79529
298.79529
298.79529
298.79529
298.79529
298.79529
298.79529
298.79529
298.79529
298.79529
298.79529
298.79529
298.79529
298.79529
298.79529
298.79529
298.79529
298.79529
298.79529
298.79529
298.79529
298.79529
298.79529
298.79529
298.79529
298.79529
298.79529
298.79529
299.98391
299.98391
299.98391
299.98391
299.98391
299.98391
299.98391
299.98391
299.98391
299.98391
299.98391
299.98391
299.98391
299.98391
299.98391
299.98391
299.98391
299.98391
299.98391
299.98391
299.98391
299.98391
299.98391
299.98391
299.98391
299.98391
299.98391
299.98391
299.98391
299.98391
299.98391
299.98391
299.98391
299.98391
299.98391
299.98391
301.4127
301.4127
301.4127
301.4127
301.4127
301.4127
301.4127
301.4127
301.4127
301.4127
301.4127
301.4127
301.4127
301.4127
301.4127
301.4127
301.4127
301.4127
301.4127
301.4127
301.4127
301.4127
301.4127
301.4127
301.4127
301.4127
301.4127
301.4127
301.4127
301.4127
301.4127
301.4127
301.4127
301.4127
301.4127
301.4127
303.12014
303.12014
303.12014
303.12014
303.12014
303.12014
303.12014
303.12014
303.12014
303.12014
303.12014
303.12014
303.12014
303.12014
303.12014
303.12014
303.12014
303.12014
303.12014
303.12014
303.12014
303.12014
303.12014
303.12014
303.12014
303.12014
303.12014
303.12014
303.12014
303.12014
303.12014
303.12014
303.12014
303.12014
303.12014
303.12014
305.14514
305.14514
305.14514
305.14514
305.14514
305.14514
305.14514
305.14514
305.14514
305.14514
305.14514
305.14514
305.14514
305.14514
305.14514
305.14514
305.14514
305.14514
305.14514
305.14514
305.14514
305.14514
305.14514
305.14514
305.14514
305.14514
305.14514
305.14514
305.14514
305.14514
305.14514
305.14514
305.14514
305.14514
305.14514
305.14514
307.52372
307.52372
307.52372
307.52372
307.52372
307.52372
307.52372
307.52372
307.52372
307.52372
307.52372
307.52372
307.52372
307.52372
307.52372
307.52372
307.52372
307.52372
307.52372
307.52372
307.52372
307.52372
307.52372
307.52372
307.52372
307.52372
307.52372
307.52372
307.52372
307.52372
307.52372
307.52372
307.52372
307.52372
307.52372
307.52372
310.28389
310.28389
310.28389
310.28389
310.28389
310.28389
310.28389
310.28389
310.28389
310.28389
310.28389
310.28389
310.28389
310.28389
310.28389
310.28389
310.28389
310.28389
310.28389
310.28389
310.28389
310.28389
310.28389
310.28389
310.28389
310.28389
310.28389
310.28389
310.28389
310.28389
310.28389
310.28389
310.28389
310.28389
310.28389
310.28389
313.43923
313.43923
313.43923
313.43923
313.43923
313.43923
313.43923
313.43923
313.43923
313.43923
313.43923
313.43923
313.43923
313.43923
313.43923
313.43923
313.43923
313.43923
313.43923
313.43923
313.43923
313.43923
313.43923
313.43923
313.43923
313.43923
313.43923
313.43923
313.43923
313.43923
313.43923
313.43923
313.43923
313.43923
313.43923
313.43923
316.98463
316.98463
316.98463
316.98463
316.98463
316.98463
316.98463
316.98463
316.98463
316.98463
316.98463
316.98463
316.98463
316.98463
316.98463
316.98463
316.98463
316.98463
316.98463
316.98463
316.98463
316.98463
316.98463
316.98463
316.98463
316.98463
316.98463
316.98463
316.98463
316.98463
316.98463
316.98463
316.98463
316.98463
316.98463
316.98463
320.51436
320.51436
320.51436
320.51436
320.51436
320.51436
320.51436
320.51436
320.51436
320.51436
320.51436
320.51436
320.51436
320.51436
320.51436
320.51436
320.51436
320.51436
320.51436
320.51436
320.51436
320.51436
320.51436
320.51436
320.51436
320.51436
320.51436
320.51436
320.51436
320.51436
320.51436
320.51436
320.51436
320.51436
320.51436
320.51435
323.60745
323.60745
323.60745
323.60745
323.60745
323.60745
323.60745
323.60745
323.60745
323.60745
323.60745
323.60745
323.60745
323.60745
323.60745
323.60745
323.60745
323.60745
323.60745
323.60745
323.60745
323.60745
323.60745
323.60745
323.60745
323.60745
323.60745
323.60745
323.60745
323.60745
323.60745
323.60745
323.60745
323.60745
323.60745
323.60744
325.41536
325.41536
325.41536
325.41536
325.41536
325.41536
325.41536
325.41537
325.41537
325.41537
325.41537
325.41537
325.41537
325.41537
325.41537
325.41537
325.41537
325.41537
325.41537
325.41537
325.41537
325.41537
325.41537
325.41537
325.41537
325.41537
325.41537
325.41537
325.41537
325.41537
325.41536
325.41536
325.41536
325.41536
325.41536
325.41535
)
;
        refGradient     uniform 0;
        valueFraction   nonuniform List<scalar> 
432
(
0.9944759
0.9944759
0.9944759
0.9944759
0.9944759
0.9944759
0.9944759
0.9944759
0.9944759
0.9944759
0.9944759
0.9944759
0.9944759
0.9944759
0.9944759
0.9944759
0.9944759
0.9944759
0.9944759
0.9944759
0.9944759
0.9944759
0.9944759
0.9944759
0.9944759
0.9944759
0.9944759
0.9944759
0.9944759
0.9944759
0.9944759
0.9944759
0.9944759
0.9944759
0.9944759
0.9944759
0.99447587
0.99447587
0.99447587
0.99447587
0.99447587
0.99447587
0.99447587
0.99447587
0.99447587
0.99447587
0.99447587
0.99447587
0.99447587
0.99447587
0.99447587
0.99447587
0.99447587
0.99447587
0.99447587
0.99447587
0.99447587
0.99447587
0.99447587
0.99447587
0.99447587
0.99447587
0.99447587
0.99447587
0.99447587
0.99447587
0.99447587
0.99447587
0.99447587
0.99447587
0.99447587
0.99447587
0.99447585
0.99447585
0.99447585
0.99447585
0.99447585
0.99447585
0.99447585
0.99447585
0.99447585
0.99447585
0.99447585
0.99447585
0.99447585
0.99447585
0.99447585
0.99447585
0.99447585
0.99447585
0.99447585
0.99447585
0.99447585
0.99447585
0.99447585
0.99447585
0.99447585
0.99447585
0.99447585
0.99447585
0.99447585
0.99447585
0.99447585
0.99447585
0.99447585
0.99447585
0.99447585
0.99447585
0.99447582
0.99447582
0.99447582
0.99447582
0.99447582
0.99447582
0.99447582
0.99447582
0.99447582
0.99447582
0.99447582
0.99447582
0.99447582
0.99447582
0.99447582
0.99447582
0.99447582
0.99447582
0.99447582
0.99447582
0.99447582
0.99447582
0.99447582
0.99447582
0.99447582
0.99447582
0.99447582
0.99447582
0.99447582
0.99447582
0.99447582
0.99447582
0.99447582
0.99447582
0.99447582
0.99447582
0.9944758
0.9944758
0.9944758
0.9944758
0.9944758
0.9944758
0.9944758
0.9944758
0.9944758
0.9944758
0.9944758
0.9944758
0.9944758
0.9944758
0.9944758
0.9944758
0.9944758
0.9944758
0.9944758
0.9944758
0.9944758
0.9944758
0.9944758
0.9944758
0.9944758
0.9944758
0.9944758
0.9944758
0.9944758
0.9944758
0.9944758
0.9944758
0.9944758
0.9944758
0.9944758
0.9944758
0.99447577
0.99447577
0.99447577
0.99447577
0.99447577
0.99447577
0.99447577
0.99447577
0.99447577
0.99447577
0.99447577
0.99447577
0.99447577
0.99447577
0.99447577
0.99447577
0.99447577
0.99447577
0.99447577
0.99447577
0.99447577
0.99447577
0.99447577
0.99447577
0.99447577
0.99447577
0.99447577
0.99447577
0.99447577
0.99447577
0.99447577
0.99447577
0.99447577
0.99447577
0.99447577
0.99447577
0.99447574
0.99447574
0.99447574
0.99447574
0.99447574
0.99447574
0.99447574
0.99447574
0.99447574
0.99447574
0.99447574
0.99447574
0.99447574
0.99447574
0.99447574
0.99447574
0.99447574
0.99447574
0.99447574
0.99447574
0.99447574
0.99447574
0.99447574
0.99447574
0.99447574
0.99447574
0.99447574
0.99447574
0.99447574
0.99447574
0.99447574
0.99447574
0.99447574
0.99447574
0.99447574
0.99447574
0.9944757
0.9944757
0.9944757
0.9944757
0.9944757
0.9944757
0.9944757
0.9944757
0.9944757
0.9944757
0.9944757
0.9944757
0.9944757
0.9944757
0.9944757
0.9944757
0.9944757
0.9944757
0.9944757
0.9944757
0.9944757
0.9944757
0.9944757
0.9944757
0.9944757
0.9944757
0.9944757
0.9944757
0.9944757
0.9944757
0.9944757
0.9944757
0.9944757
0.9944757
0.9944757
0.9944757
0.99447566
0.99447566
0.99447566
0.99447566
0.99447566
0.99447566
0.99447566
0.99447566
0.99447566
0.99447566
0.99447566
0.99447566
0.99447566
0.99447566
0.99447566
0.99447566
0.99447566
0.99447566
0.99447566
0.99447566
0.99447566
0.99447566
0.99447566
0.99447566
0.99447566
0.99447566
0.99447566
0.99447566
0.99447566
0.99447566
0.99447566
0.99447566
0.99447566
0.99447566
0.99447566
0.99447566
0.99447562
0.99447562
0.99447562
0.99447562
0.99447562
0.99447562
0.99447562
0.99447562
0.99447562
0.99447562
0.99447562
0.99447562
0.99447562
0.99447562
0.99447562
0.99447562
0.99447562
0.99447562
0.99447562
0.99447562
0.99447562
0.99447562
0.99447562
0.99447562
0.99447562
0.99447562
0.99447562
0.99447562
0.99447562
0.99447562
0.99447562
0.99447562
0.99447562
0.99447562
0.99447562
0.99447562
0.99447559
0.99447559
0.99447559
0.99447559
0.99447559
0.99447559
0.99447559
0.99447559
0.99447559
0.99447559
0.99447559
0.99447559
0.99447559
0.99447559
0.99447559
0.99447559
0.99447559
0.99447559
0.99447559
0.99447559
0.99447559
0.99447559
0.99447559
0.99447559
0.99447559
0.99447559
0.99447559
0.99447559
0.99447559
0.99447559
0.99447559
0.99447559
0.99447559
0.99447559
0.99447559
0.99447559
0.99447557
0.99447557
0.99447557
0.99447557
0.99447557
0.99447557
0.99447557
0.99447557
0.99447557
0.99447557
0.99447557
0.99447557
0.99447557
0.99447557
0.99447557
0.99447557
0.99447557
0.99447557
0.99447557
0.99447557
0.99447557
0.99447557
0.99447557
0.99447557
0.99447557
0.99447557
0.99447557
0.99447557
0.99447557
0.99447557
0.99447557
0.99447557
0.99447557
0.99447557
0.99447557
0.99447557
)
;
        source          uniform 0;
        value           nonuniform List<scalar> 
432
(
298.79634
298.79634
298.79634
298.79634
298.79634
298.79634
298.79634
298.79634
298.79634
298.79634
298.79634
298.79634
298.79634
298.79634
298.79634
298.79634
298.79634
298.79634
298.79634
298.79634
298.79634
298.79634
298.79634
298.79634
298.79634
298.79634
298.79634
298.79634
298.79634
298.79634
298.79634
298.79634
298.79634
298.79634
298.79634
298.79634
299.98307
299.98306
299.98306
299.98307
299.98306
299.98307
299.98306
299.98306
299.98307
299.98307
299.98306
299.98306
299.98307
299.98307
299.98307
299.98306
299.98306
299.98307
299.98307
299.98306
299.98306
299.98307
299.98307
299.98307
299.98306
299.98306
299.98307
299.98307
299.98306
299.98306
299.98307
299.98306
299.98307
299.98306
299.98306
299.98307
301.4103
301.4103
301.4103
301.4103
301.4103
301.4103
301.4103
301.4103
301.4103
301.4103
301.4103
301.4103
301.4103
301.4103
301.4103
301.4103
301.4103
301.4103
301.4103
301.4103
301.4103
301.4103
301.4103
301.4103
301.4103
301.4103
301.4103
301.4103
301.4103
301.4103
301.4103
301.4103
301.4103
301.4103
301.4103
301.4103
303.11625
303.11625
303.11625
303.11625
303.11625
303.11625
303.11625
303.11625
303.11625
303.11625
303.11625
303.11625
303.11625
303.11625
303.11625
303.11625
303.11625
303.11625
303.11625
303.11625
303.11625
303.11625
303.11625
303.11625
303.11625
303.11625
303.11625
303.11625
303.11625
303.11625
303.11625
303.11625
303.11625
303.11625
303.11625
303.11625
305.13966
305.13967
305.13967
305.13967
305.13967
305.13967
305.13967
305.13967
305.13966
305.13966
305.13967
305.13967
305.13967
305.13967
305.13967
305.13967
305.13967
305.13967
305.13967
305.13967
305.13967
305.13967
305.13967
305.13967
305.13967
305.13967
305.13967
305.13966
305.13967
305.13967
305.13967
305.13967
305.13967
305.13967
305.13967
305.13966
307.51648
307.51648
307.51648
307.51648
307.51648
307.51648
307.51648
307.51648
307.51648
307.51648
307.51648
307.51648
307.51648
307.51648
307.51648
307.51648
307.51648
307.51648
307.51648
307.51648
307.51648
307.51648
307.51648
307.51648
307.51648
307.51648
307.51648
307.51648
307.51648
307.51648
307.51648
307.51648
307.51648
307.51648
307.51648
307.51648
310.27464
310.27464
310.27464
310.27464
310.27464
310.27464
310.27464
310.27464
310.27464
310.27464
310.27464
310.27464
310.27464
310.27464
310.27464
310.27464
310.27464
310.27464
310.27464
310.27464
310.27464
310.27464
310.27464
310.27464
310.27464
310.27464
310.27464
310.27464
310.27464
310.27464
310.27464
310.27464
310.27464
310.27464
310.27464
310.27464
313.42768
313.42768
313.42768
313.42768
313.42768
313.42768
313.42768
313.42768
313.42768
313.42768
313.42768
313.42768
313.42768
313.42768
313.42768
313.42768
313.42768
313.42768
313.42768
313.42768
313.42768
313.42768
313.42768
313.42768
313.42768
313.42768
313.42768
313.42768
313.42768
313.42768
313.42768
313.42768
313.42768
313.42768
313.42768
313.42768
316.97038
316.97038
316.97038
316.97038
316.97038
316.97038
316.97038
316.97038
316.97038
316.97038
316.97038
316.97038
316.97038
316.97038
316.97038
316.97038
316.97038
316.97038
316.97038
316.97038
316.97038
316.97038
316.97038
316.97038
316.97038
316.97038
316.97038
316.97038
316.97038
316.97038
316.97038
316.97038
316.97038
316.97038
316.97038
316.97038
320.49753
320.49753
320.49753
320.49753
320.49753
320.49753
320.49753
320.49753
320.49753
320.49753
320.49753
320.49753
320.49753
320.49753
320.49753
320.49753
320.49753
320.49753
320.49753
320.49753
320.49753
320.49753
320.49753
320.49753
320.49753
320.49753
320.49753
320.49753
320.49753
320.49753
320.49753
320.49753
320.49753
320.49753
320.49753
320.49753
323.58839
323.58839
323.58839
323.58839
323.58839
323.58839
323.58839
323.58839
323.58839
323.58839
323.58839
323.58839
323.58839
323.58839
323.58839
323.58839
323.58839
323.58839
323.58839
323.58839
323.58839
323.58839
323.58839
323.58839
323.58839
323.58839
323.58839
323.58839
323.58839
323.58839
323.58839
323.58839
323.58839
323.58839
323.58839
323.58839
325.39502
325.39502
325.39502
325.39502
325.39502
325.39503
325.39503
325.39503
325.39503
325.39503
325.39503
325.39503
325.39503
325.39503
325.39503
325.39503
325.39503
325.39503
325.39503
325.39503
325.39503
325.39503
325.39503
325.39503
325.39503
325.39503
325.39503
325.39503
325.39503
325.39503
325.39503
325.39503
325.39502
325.39502
325.39502
325.39501
)
;
        logInterval     -1;
        writePrecision  8;
        updateHeader    1;
        writeToFile     0;
        useUserTime     1;
        kappaMethod     solidThermo;
    }
}


// ************************************************************************* //
